-----------------input_rate-------------------
1214
452 450 448 1350
500 500 500 1500
144 802 705 1651
85 88 1627 1800
651 651 648 1950
700 701 700 2101
751 748 752 2251
800 800 800 2400
549 984 1017 2550
396 396 1909 2701
952 948 950 2850
444 1448 1109 3001
720 720 1711 3151
1101 1100 1100 3301
267 1248 1936 3451
1200 1200 1200 3600
460 1248 2042 3750
1268 1267 1366 3901
664 1465 1922 4051
1244 1243 1714 4201
700 1557 2094 4351
1500 1500 1501 4501
944 1344 2363 4651
1432 1840 1529 4801
1196 1194 2561 4951
1060 1486 2555 5101
1752 1750 1749 5251
1239 1694 2468 5401
1273 1748 2530 5551
1900 1900 1901 5701
1612 1729 2509 5850
1633 1795 2572 6000
1899 2080 2021 6000
1724 1721 2555 6000
1600 1828 2572 6000
1872 2175 1953 6000
1688 1688 2624 6000
1513 1892 2595 6000
2000 2000 2000 6000
1483 1917 2600 6000
1444 1940 2616 6000
2000 2000 2000 6000
1400 1963 2637 6000
1672 2320 2008 6000
1680 1680 2640 6000
1300 2045 2655 6000
2000 2000 2000 6000
1265 2067 2668 6000
1883 1952 2165 6000
1612 1609 2779 6000
1632 1240 3128 6000
1972 1975 2053 6000
1629 1284 3087 6000
1587 1272 3141 6000
2000 2000 2000 6000
1564 1281 3155 6000
1996 1999 2005 6000
1529 1308 3163 6000
1471 1472 3057 6000
2032 1852 2116 6000
1477 1336 3187 6000
2000 2000 2000 6000
1443 1357 3200 6000
2000 2000 2000 6000
1328 1419 3253 6000
1888 1992 2120 6000
1428 1425 3147 6000
1628 1731 2641 6000
1680 1677 2643 6000
1488 1023 3489 6000
2000 2000 2000 6000
1108 1916 2976 6000
1948 1945 2107 6000
1276 2051 2673 6000
1784 1781 2435 6000
1496 2223 2281 6000
total time = 1218.79
app 0 total events number 1050867, throughput inf
app 1 total events number 1181212, throughput inf
app 2 total events number 1656888, throughput inf
process time = 117774 -- avg = 96.6323
total network usage = 592293
302.867
337.158
350.483
650.802
339.845
365.981
392.579
388.43
342.078
410.722
363.147
403.448
444.892
420.759
504.488
458.672
540.541
501.06
564.424
555.363
607.994
573.069
882.939
612.401
694.292
830.271
814.629
875.197
900.042
884.316
923.308
949.65
772.431
726.15
738.415
784.138
721.767
746.132
763.9
845.698
975.645
995.053
1489.5
1068.82
887.87
984.64
930.645
843.77
800.872
885.65
920.996
922.461
893.044
557.389
758.802
818.581
994.665
1568.65
657.657
787.042
258.093
366.561
787.001
367.023
349.42
586.277
426.794
387.047
384.487
274.372
366.561
277.299
662.704
305.381
423.953
598.274
network usage average = 41.0605
manager usage = 0
------------event number record---------------
452	450	448	
500	500	500	
144	802	705	
85	88	1627	
651	651	648	
700	701	700	
751	748	752	
800	800	800	
549	984	1017	
396	396	1909	
952	948	950	
444	1448	1109	
720	720	1711	
1101	1100	1100	
267	1248	1936	
1200	1200	1200	
460	1248	2042	
1268	1267	1366	
664	1465	1922	
1244	1243	1714	
700	1557	2094	
1500	1500	1501	
944	1344	2363	
1432	1840	1529	
1196	1194	2561	
1060	1486	2555	
1752	1750	1749	
1239	1694	2468	
1273	1748	2530	
1900	1900	1901	
1612	1729	2509	
1633	1795	2572	
1899	2080	2021	
1724	1721	2555	
1600	1828	2572	
1872	2175	1953	
1688	1688	2624	
1513	1892	2595	
2000	2000	2000	
1483	1917	2600	
1444	1940	2616	
2000	2000	2000	
1400	1963	2637	
1672	2320	2008	
1680	1680	2640	
1300	2045	2655	
2000	2000	2000	
1265	2067	2668	
1883	1952	2165	
1612	1609	2779	
1632	1240	3128	
1972	1975	2053	
1629	1284	3087	
1587	1272	3141	
2000	2000	2000	
1564	1281	3155	
1996	1999	2005	
1529	1308	3163	
1471	1472	3057	
2032	1852	2116	
1477	1336	3187	
2000	2000	2000	
1443	1357	3200	
2000	2000	2000	
1328	1419	3253	
1888	1992	2120	
1428	1425	3147	
1628	1731	2641	
1680	1677	2643	
1488	1023	3489	
2000	2000	2000	
1108	1916	2976	
1948	1945	2107	
1276	2051	2673	
1784	1781	2435	
1496	2223	2281	
app 0 avg time = 1355.37
app 1 avg time = 1526.05
app 2 avg time = 2139.91
avg = 1673.78
---------response time---------------
0.0216225	0.0212867	0.0333725	
0.0216225	0.0213608	0.0333725	
0.0108923	0.0117847	0.022819	
0.0108923	0.0117847	0.022819	
0.0108923	0.0117847	0.022819	
0.0108923	0.0117847	0.022819	
0.0108923	0.0117847	0.022819	
0.0108923	0.0117847	0.022819	
0.0108923	0.0117847	0.022819	
0.0109681	0.0118605	0.0228948	
0.0108923	0.0117847	0.022819	
0.0108923	0.0437989	0.0453286	
0.0108923	0.0117847	0.022819	
0.0110355	0.0119278	0.0229622	
0.0108923	0.0945363	0.096066	
0.0108923	0.0117847	0.022819	
0.0110718	0.193908	0.195438	
0.0110821	0.0119744	0.0230088	
0.0110916	0.181273	0.182803	
0.0111004	0.076694	0.0782237	
0.0111086	0.219316	0.220846	
0.0108941	0.0826288	0.0841585	
0.0111235	0.022604	0.256274	
0.0109218	0.0224023	0.195322	
0.0114649	0.0229454	0.404375	
0.0109663	0.0224468	0.872723	
0.0115342	0.0230147	0.877568	
0.0138665	0.025347	1.29545	
0.0190134	0.0304939	1.74928	
0.0807184	0.0921989	1.8421	
0.0785312	0.0900117	2.28311	
0.0481064	0.0595869	2.76083	
0.169773	0.181254	2.91293	
0.132604	0.144085	3.38071	
0.103466	0.114947	3.85843	
0.251011	0.262492	3.98126	
0.194657	0.206137	4.48881	
0.16775	0.179372	4.97953	
0.285847	0.29747	5.12913	
0.353974	0.365597	5.62291	
0.544351	0.555973	6.12588	
0.885533	0.897155	6.27547	
1.07636	1.08784	6.80041	
1.48669	1.49817	6.95459	
1.51957	1.53105	7.47132	
1.49623	1.50772	7.99647	
1.61389	1.62537	8.14606	
1.5901	8.67809	8.67962	
1.66492	8.92329	8.92482	
1.47159	9.68019	9.68172	
1.11408	10.7147	10.7163	
0.996151	11.2735	11.2751	
0.648002	0.659625	12.2838	
0.288254	0.299876	13.3314	
0.370658	0.38228	13.7028	
0.29378	0.305402	14.5147	
0.633623	0.645246	14.6674	
0.561207	15.4929	15.4945	
0.547685	16.2498	16.2514	
0.641689	16.6273	16.6289	
0.271233	0.272125	0	
0.165354	0.166246	0	
0.0113975	0.022878	0	
0.0113975	0.022878	0	
0.059869	0.0713495	0	
0.149858	0.161338	0	
0.0935769	0.105057	0	
0.0381151	0.0390074	0	
0.10812	0.109012	0	
0.0345658	0.0354581	0	
0.011177	0.0120693	0	
0.0108923	0.0117847	0	
0.0113975	0.022878	0	
0.0108923	0.0223728	0	
0.0596433	0.0711238	0	
0.13937	0.150851	0	
app 0 avg time = 0.300643
app 1 avg time = 1.48925
app 2 avg time = 3.47473
avg = 1.75488
---------process_time_record---------------
0	0	0	
1	0	0	
0	0	0	
0	0	0	
0	0	0	
1	0	0	
0	0	0	
1	0	0	
0	0	0	
0	0	0	
1	0	1	
0	0	1	
0	0	0	
0	0	0	
0	0	0	
0	0	0	
0	0	0	
0	0	0	
0	1	0	
0	0	1	
0	0	0	
0	1	0	
0	0	0	
0	0	1	
0	0	0	
0	0	0	
0	0	0	
0	0	0	
0	0	0	
0	0	0	
0	0	0	
0	0	0	
1	0	0	
0	1	0	
0	0	0	
0	0	0	
0	1	0	
0	0	0	
0	0	0	
0	0	0	
0	0	0	
0	0	0	
0	0	0	
0	0	0	
0	0	0	
1	0	0	
0	0	0	
0	0	0	
0	0	0	
0	0	0	
0	0	0	
0	0	0	
0	0	1	
0	1	0	
0	0	0	
0	0	0	
0	0	0	
0	0	0	
0	0	0	
0	0	0	
0	0	0	
1	0	0	
0	0	0	
0	0	0	
0	0	1	
0	0	0	
0	0	0	
0	0	0	
0	0	0	
0	0	0	
1	0	0	
0	0	0	
0	0	0	
0	0	0	
1	0	0	
0	0	0	
app 0 avg time = 0.118421
app 1 avg time = 0.0657895
app 2 avg time = 0.0789474
avg = 0.0877193
---------transmission_time_record---------------
0.0316225	0.0317603	0.0421414	
0.0316225	0.0317603	0.0421414	
0.0208923	0.0215297	0.0316225	
0.0208923	0.0215297	0.0316225	
0.0208923	0.0215297	0.0316225	
0.0208923	0.0215297	0.0316225	
0.0208923	0.0215297	0.0316225	
0.0208923	0.0215297	0.0316225	
0.0208923	0.0215297	0.0316225	
0.0208923	0.0215297	0.0316225	
0.0208923	0.0215297	0.0316225	
0.0208923	0.0215297	0.0316225	
0.0208923	0.0215297	0.0316225	
0.0208923	0.0215297	0.0316225	
0.0208923	0.0215297	0.0316225	
0.0208923	0.0215297	0.0316225	
0.0208923	0.0215297	0.0316225	
0.0208923	0.0215297	0.0316225	
0.0208923	0.0215297	0.0316225	
0.0208923	0.0215297	0.0316225	
0.0208923	0.0215297	0.0316225	
0.0208923	0.0215297	0.0316225	
0.0208923	0.0316225	0.0317603	
0.0208923	0.0316225	0.0317603	
0.0208923	0.0316225	0.0317603	
0.0208923	0.0316225	0.0317603	
0.0208923	0.0316225	0.0317603	
0.0208923	0.0316225	0.0317603	
0.0208923	0.0316225	0.0317603	
0.0208923	0.0316225	0.0317603	
0.0208923	0.0316225	0.0317603	
0.0208923	0.0316225	0.0317603	
0.0208923	0.0316225	0.0215297	
0.0208923	0.0316225	0.0215297	
0.0208923	0.0316225	0.0215297	
0.0208923	0.0316225	0.0215297	
0.0208923	0.0316225	0.0215297	
0.0208923	0.0316225	0.0215297	
0.0208923	0.0316225	0.0215297	
0.0208923	0.0316225	0.0215297	
0.0208923	0.0316225	0.0215297	
0.0208923	0.0316225	0.0215297	
0.0208923	0.0316225	0.0317603	
0.0208923	0.0316225	0.0317603	
0.0208923	0.0316225	0.0317603	
0.0208923	0.0316225	0.0317603	
0.0208923	0.0316225	0.0317603	
0.0208923	0.0317603	0.0317603	
0.0208923	0.0317603	0.0317603	
0.0208923	0.0317603	0.0317603	
0.0208923	0.0317603	0.0317603	
0.0208923	0.0317603	0.0317603	
0.0208923	0.0316225	0.0215297	
0.0208923	0.0316225	0.0215297	
0.0208923	0.0316225	0.0215297	
0.0208923	0.0316225	0.0215297	
0.0208923	0.0316225	0.0215297	
0.0208923	0.0317603	0.0317603	
0.0208923	0.0317603	0.0317603	
0.0208923	0.0317603	0.0317603	
0.0208923	0.0208923	0	
0.0208923	0.0208923	0	
0.0208923	0.0316225	0	
0.0208923	0.0316225	0	
0.0208923	0.0316225	0	
0.0208923	0.0316225	0	
0.0208923	0.0316225	0	
0.0208923	0.0208923	0	
0.0208923	0.0208923	0	
0.0208923	0.0208923	0	
0.0208923	0.0208923	0	
0.0208923	0.0208923	0	
0.0208923	0.0316225	0	
0.0208923	0.0316225	0	
0.0208923	0.0316225	0	
0.0208923	0.0316225	0	
app 0 avg time = 0.0211747
app 1 avg time = 0.0279963
app 2 avg time = 0.0232917
avg = 0.0241542
---------queue_time_record---------------
0.000588174	0.0013385	0.00178467	
0.000588174	0.0013385	0.00178467	
0.000446168	0.0013385	0.00178467	
0.000446168	0.0013385	0.00178467	
0.000446168	0.0013385	0.00178467	
0.000446168	0.0013385	0.00178467	
0.000446168	0.0013385	0.00178467	
0.000446168	0.0013385	0.00178467	
0.000446168	0.0013385	0.00190244	
0.000521966	0.0014143	0.00186047	
0.000446168	0.0013385	0.00178467	
0.000446168	0.033034	0.0345637	
0.000446168	0.0013385	0.00178963	
0.000589306	0.00148164	0.00192781	
0.000446168	0.0837714	0.0853011	
0.000446168	0.0013385	0.00178467	
0.00062567	0.183143	0.184673	
0.000635926	0.00152826	0.00197443	
0.000645423	0.170508	0.172038	
0.000654241	0.0659291	0.0674589	
0.000662451	0.208551	0.210081	
0.000447892	0.0718639	0.0733937	
0.000677283	0.00201579	0.235776	
0.00047567	0.00181417	0.174824	
0.00101872	0.00235722	0.383877	
0.000520147	0.00185865	0.852225	
0.00108798	0.00242649	0.85707	
0.00342033	0.00475883	1.27495	
0.00856725	0.00990575	1.72878	
0.0702722	0.0716107	1.8216	
0.0680851	0.0694236	2.26261	
0.0376602	0.0389988	2.74033	
0.159327	0.160666	2.90216	
0.122158	0.123497	3.36994	
0.0930202	0.0943587	3.84767	
0.240565	0.241903	3.97049	
0.184211	0.185549	4.47804	
0.157304	0.159088	4.96877	
0.275401	0.277186	5.11836	
0.343528	0.345313	5.61215	
0.533905	0.535689	6.11511	
0.875086	0.876871	6.26471	
1.06591	1.06725	6.77991	
1.47625	1.47759	6.93409	
1.50913	1.51047	7.45082	
1.48579	1.48713	7.97597	
1.60344	1.60478	8.12556	
1.57966	8.65683	8.65912	
1.65448	8.90203	8.90432	
1.46115	9.65893	9.66122	
1.10363	10.6935	10.6958	
0.985704	11.2523	11.2546	
0.637556	0.639341	12.2731	
0.277808	0.279592	13.3206	
0.360212	0.361996	13.692	
0.283334	0.285118	14.504	
0.623177	0.624962	14.6566	
0.550761	15.4717	15.474	
0.537239	16.2286	16.2309	
0.631243	16.6061	16.6084	
0.260786	0.261679	0	
0.154908	0.1558	0	
0.00095134	0.00228984	0	
0.00095134	0.00228984	0	
0.0494228	0.0507613	0	
0.139412	0.14075	0	
0.0831308	0.0844693	0	
0.0276689	0.0285612	0	
0.0976738	0.0985661	0	
0.0241196	0.025012	0	
0.000730841	0.00162318	0	
0.000446168	0.0013385	0	
0.00095134	0.00228984	0	
0.000446168	0.00178467	0	
0.0491971	0.0505356	0	
0.128924	0.130263	0	
app 0 avg time = 0.289918
app 1 avg time = 1.47222
app 2 avg time = 3.46099
avg = 1.74104
------------------END-----------------------
H = 2
sim_time = 1214
