-----------------input_rate-------------------
962
452 449 449 1350
500 500 500 1500
148 807 696 1651
80 84 1636 1800
652 650 648 1950
700 701 700 2101
750 749 752 2251
800 800 800 2400
554 988 1008 2550
392 392 1917 2701
951 948 951 2850
449 1452 1100 3001
716 716 1719 3151
1100 1100 1101 3301
268 1247 1936 3451
1200 1200 1200 3600
464 1253 2033 3750
1264 1262 1375 3901
668 1470 1913 4051
1240 1238 1723 4201
700 1558 2093 4351
1500 1500 1501 4501
944 1344 2363 4651
1436 1844 1521 4801
1192 1189 2570 4951
1060 1487 2554 5101
1752 1749 1750 5251
1238 1695 2468 5401
1274 1748 2529 5551
1900 1900 1901 5701
1612 1728 2510 5850
1632 1796 2572 6000
1904 2084 2012 6000
1720 1716 2564 6000
1600 1828 2572 6000
1876 2180 1944 6000
1684 1684 2632 6000
1512 1892 2596 6000
2000 2000 2000 6000
1484 1916 2600 6000
1444 1940 2616 6000
2000 2000 2000 6000
1400 1964 2636 6000
1676 2324 2000 6000
1676 1676 2648 6000
1300 2044 2656 6000
2000 2000 2000 6000
1264 2068 2668 6000
1888 1956 2156 6000
1608 1604 2788 6000
1632 1240 3128 6000
1976 1980 2044 6000
1624 1280 3096 6000
1588 1272 3140 6000
2000 2000 2000 6000
1564 1280 3156 6000
2000 2000 2000 6000
1524 1308 3168 6000
1476 1476 3048 6000
2028 1848 2124 6000
1476 1336 3188 6000
2000 2000 2000 6000
1444 1356 3200 6000
2000 2000 2000 6000
1328 1420 3252 6000
1892 1996 2112 6000
1424 1420 3156 6000
1632 1736 2632 6000
1676 1672 2652 6000
1488 1024 3488 6000
2000 2000 2000 6000
1112 1920 2968 6000
1944 1940 2116 6000
1280 2056 2664 6000
1780 1776 2444 6000
1500 2228 2272 6000
total time = 966.762
app 0 total events number 840372, throughput inf
app 1 total events number 944776, throughput inf
app 2 total events number 1324561, throughput inf
process time = 93461 -- avg = 96.6742
total network usage = 474570
153.983
170.626
171.869
108.854
389.656
406.164
377.71
402.218
380.429
424.17
386.164
436.159
502.123
446.654
573.899
487.112
610.091
536.217
626.138
1385.85
677.017
609.39
823.746
815.783
880.84
929.323
868.445
968.143
994.313
760.311
771.139
791.861
806.861
777.997
792.597
816.902
776.148
801.581
795.713
1209.49
632.892
802.734
1184.65
1126.24
1147.65
1198.87
1082.34
1204.14
1102.67
1161.49
1169.47
1087.04
1169.5
1175.83
1906.98
1179.66
1092.77
1226.4
1227.39
2164.06
1168.6
1067.27
1173.25
1067.27
894.792
892.58
857.957
795.88
0
0
0
0
0
0
0
0
network usage average = 59.8795
manager usage = 0
------------event number record---------------
452	449	449	
500	500	500	
148	807	696	
80	84	1636	
652	650	648	
700	701	700	
750	749	752	
800	800	800	
554	988	1008	
392	392	1917	
951	948	951	
449	1452	1100	
716	716	1719	
1100	1100	1101	
268	1247	1936	
1200	1200	1200	
464	1253	2033	
1264	1262	1375	
668	1470	1913	
1240	1238	1723	
700	1558	2093	
1500	1500	1501	
944	1344	2363	
1436	1844	1521	
1192	1189	2570	
1060	1487	2554	
1752	1749	1750	
1238	1695	2468	
1274	1748	2529	
1900	1900	1901	
1612	1728	2510	
1632	1796	2572	
1904	2084	2012	
1720	1716	2564	
1600	1828	2572	
1876	2180	1944	
1684	1684	2632	
1512	1892	2596	
2000	2000	2000	
1484	1916	2600	
1444	1940	2616	
2000	2000	2000	
1400	1964	2636	
1676	2324	2000	
1676	1676	2648	
1300	2044	2656	
2000	2000	2000	
1264	2068	2668	
1888	1956	2156	
1608	1604	2788	
1632	1240	3128	
1976	1980	2044	
1624	1280	3096	
1588	1272	3140	
2000	2000	2000	
1564	1280	3156	
2000	2000	2000	
1524	1308	3168	
1476	1476	3048	
2028	1848	2124	
1476	1336	3188	
2000	2000	2000	
1444	1356	3200	
2000	2000	2000	
1328	1420	3252	
1892	1996	2112	
1424	1420	3156	
1632	1736	2632	
1676	1672	2652	
1488	1024	3488	
2000	2000	2000	
1112	1920	2968	
1944	1940	2116	
1280	2056	2664	
1780	1776	2444	
1500	2228	2272	
app 0 avg time = 1355.42
app 1 avg time = 1526.11
app 2 avg time = 2139.8
avg = 1673.78
---------response time---------------
0.0214703	0.0126122	0.0116606	
0.0214703	0.0126122	0.0116606	
0.0214703	0.0126122	0.0116606	
0.0214703	0.0126122	0.0116606	
0.0110449	0.0120897	0.0230376	
0.0111836	0.0122285	0.0231763	
0.0112008	0.0122457	0.0231936	
0.0112564	0.0123013	0.0232491	
0.0110449	0.0210345	0.0230376	
0.0110449	0.0120897	0.0230376	
0.0110449	0.0120897	0.0230376	
0.0110449	0.0120897	0.0230376	
0.0110449	0.0120897	0.0230376	
0.0110449	0.0120897	0.0230376	
0.0112774	0.0123223	0.0232702	
0.0112895	0.0123344	0.0232823	
0.0110449	0.0266683	0.0277754	
0.0110737	0.0121186	0.0230664	
0.0110449	0.0479904	0.0490974	
0.0111836	0.021321	0.0231763	
0.0110656	0.0777961	0.0684511	
0.0114348	0.0211147	0.0234275	
0.015392	0.021344	0.0273847	
0.0736352	0.0746801	0.085628	
0.0674168	0.0684616	0.0794095	
0.0687269	0.0986181	0.0892731	
0.214234	0.215279	0.226227	
0.305414	0.306459	0.317407	
0.4269	0.427945	0.438893	
0.67064	0.671685	0.0124439	
0.872761	0.873806	0.0122141	
0.979277	0.980322	0.196292	
1.0231	1.02415	0.322156	
0.922732	0.923777	0.626254	
0.820274	0.957963	0.949172	
0.88186	1.06888	1.06009	
0.763729	1.39678	1.38799	
0.655001	1.73852	1.72973	
0.701959	1.84778	1.83899	
0.592187	0.603657	2.18515	
0.47928	0.49075	2.54128	
0.737301	0.748772	2.53873	
1.21997	1.23144	2.6347	
1.83272	1.84419	2.46664	
2.27621	2.28768	2.5676	
2.76671	2.77818	2.77923	
3.33715	3.34862	3.34967	
3.82922	3.84069	3.84174	
4.37354	4.38501	4.38605	
4.78933	4.8008	4.80185	
5.11318	5.12465	5.1257	
5.67526	5.68673	5.68778	
6.00851	6.01998	6.02103	
6.33497	6.34644	6.34749	
6.90541	6.91688	3.26494	
7.2303	7.24177	3.57734	
7.69521	7.70668	3.5211	
7.60842	7.61989	4.27687	
7.57493	7.5864	4.96622	
7.83138	7.84285	5.13356	
7.74303	7.7545	5.9004	
8.05173	8.0632	6.00966	
7.96285	7.97432	6.78314	
8.27155	8.28302	6.8924	
8.17745	8.18892	7.68366	
8.45637	8.46784	7.85436	
8.38734	8.39882	8.49168	
8.49647	8.50794	8.58599	
0	0	0	
0	0	0	
0	0	0	
0	0	0	
0	0	0	
0	0	0	
0	0	0	
0	0	0	
app 0 avg time = 2.23036
app 1 avg time = 2.27894
app 2 avg time = 1.97572
avg = 2.16167
---------process_time_record---------------
0	0	0	
0	0	0	
0	0	0	
0	0	0	
1	0	0	
0	0	0	
0	0	0	
0	0	0	
0	0	0	
0	0	0	
1	0	0	
0	0	0	
0	0	0	
0	1	0	
0	0	0	
0	0	0	
0	0	0	
0	0	1	
0	0	0	
0	0	0	
0	1	0	
0	0	0	
0	0	0	
0	0	0	
0	0	0	
0	0	0	
0	0	0	
0	0	0	
0	0	0	
0	0	0	
0	0	0	
0	0	0	
0	0	0	
0	0	0	
0	0	0	
0	0	0	
0	0	0	
0	0	0	
0	0	0	
1	0	0	
1	0	0	
0	0	0	
0	0	0	
0	0	0	
0	0	0	
0	0	0	
0	0	0	
0	0	0	
0	0	0	
0	0	0	
0	0	0	
0	0	0	
0	0	0	
0	0	0	
1	0	0	
0	0	0	
0	0	0	
1	0	0	
0	0	0	
1	0	0	
0	1	0	
0	0	0	
0	1	1	
0	0	0	
0	1	0	
0	0	0	
0	0	0	
0	0	0	
0	0	0	
0	0	0	
0	1	0	
0	0	0	
0	0	0	
0	0	0	
0	0	0	
0	0	0	
app 0 avg time = 0.0921053
app 1 avg time = 0.0789474
app 2 avg time = 0.0263158
avg = 0.0657895
---------transmission_time_record---------------
0.0313733	0.0210449	0.021107	
0.0313733	0.0210449	0.021107	
0.0313733	0.0210449	0.021107	
0.0313733	0.0210449	0.021107	
0.0210449	0.021107	0.0313733	
0.0210449	0.021107	0.0313733	
0.0210449	0.021107	0.0313733	
0.0210449	0.021107	0.0313733	
0.0210449	0.021107	0.0313733	
0.0210449	0.021107	0.0313733	
0.0210449	0.021107	0.0313733	
0.0210449	0.021107	0.0313733	
0.0210449	0.021107	0.0313733	
0.0210449	0.021107	0.0313733	
0.0210449	0.021107	0.0313733	
0.0210449	0.021107	0.0313733	
0.0210449	0.021107	0.0313733	
0.0210449	0.021107	0.0313733	
0.0210449	0.021107	0.0313733	
0.0210449	0.0314576	0.0313733	
0.0210449	0.0314576	0.0313733	
0.0210449	0.0314576	0.0313733	
0.0210449	0.0314576	0.0313733	
0.0210449	0.0314576	0.0313733	
0.0210449	0.0314576	0.0313733	
0.0210449	0.0314576	0.0313733	
0.0210449	0.0314576	0.0313733	
0.0210449	0.0314576	0.0313733	
0.0210449	0.0314576	0.0313733	
0.0210449	0.0314576	0.021107	
0.0210449	0.0314576	0.021107	
0.0210449	0.0314576	0.021107	
0.0210449	0.0314576	0.021107	
0.0210449	0.0314576	0.021107	
0.0210449	0.0314576	0.021107	
0.0210449	0.0314576	0.021107	
0.0210449	0.0314576	0.021107	
0.0210449	0.0314576	0.021107	
0.0210449	0.0314576	0.021107	
0.0210449	0.0313733	0.0313733	
0.0210449	0.0313733	0.0313733	
0.0210449	0.0313733	0.0313733	
0.0210449	0.0313733	0.0313733	
0.0210449	0.0313733	0.0313733	
0.0210449	0.0313733	0.0313733	
0.0210449	0.0313733	0.0313733	
0.0210449	0.0313733	0.0313733	
0.0210449	0.0313733	0.0313733	
0.0210449	0.0313733	0.0313733	
0.0210449	0.0313733	0.0313733	
0.0210449	0.0313733	0.0313733	
0.0210449	0.0313733	0.0313733	
0.0210449	0.0313733	0.0313733	
0.0210449	0.0313733	0.0313733	
0.0210449	0.0313733	0.0421144	
0.0210449	0.0313733	0.0421144	
0.0210449	0.0313733	0.0421144	
0.0210449	0.0313733	0.0421144	
0.0210449	0.0313733	0.0421144	
0.0210449	0.0313733	0.0314576	
0.0210449	0.0313733	0.0314576	
0.0210449	0.0313733	0.0314576	
0.0210449	0.0313733	0.0314576	
0.0210449	0.0313733	0.0314576	
0.0210449	0.0313733	0.021107	
0.0210449	0.0313733	0.021107	
0.0210449	0.0313733	0.021107	
0.0210449	0.0313733	0.021107	
0	0	0	
0	0	0	
0	0	0	
0	0	0	
0	0	0	
0	0	0	
0	0	0	
0	0	0	
app 0 avg time = 0.0193732
app 1 avg time = 0.0255232
app 2 avg time = 0.0263516
avg = 0.0237493
---------queue_time_record---------------
0.000522434	0.00208974	0.00110704	
0.000522434	0.00208974	0.00110704	
0.000522434	0.00208974	0.00110704	
0.000522434	0.00208974	0.00110704	
0.000522434	0.0015673	0.00208974	
0.000661165	0.00170603	0.00222847	
0.000678414	0.00172328	0.00224572	
0.000733969	0.00177884	0.00230127	
0.000522434	0.010481	0.0115881	
0.000522434	0.0015673	0.00208974	
0.000522434	0.0015673	0.00208974	
0.000522434	0.0015673	0.00208974	
0.000522434	0.0015673	0.00208974	
0.000522434	0.0015673	0.00208974	
0.000755013	0.00179988	0.00232232	
0.00076709	0.00181196	0.00233439	
0.000522434	0.0161148	0.0172219	
0.000551275	0.00159614	0.00211858	
0.000522434	0.0374368	0.0385439	
0.000661165	0.00170603	0.00222847	
0.000543205	0.0567905	0.0578976	
0.000912383	0.00195725	0.00247968	
0.00486958	0.00591445	0.00643688	
0.0631128	0.0641577	0.0646801	
0.0568943	0.0579392	0.0584616	
0.0582045	0.0776125	0.0787196	
0.203712	0.204757	0.205279	
0.294892	0.295937	0.296459	
0.416378	0.417423	0.417945	
0.660118	0.661163	0.00189042	
0.862239	0.863284	0.00166057	
0.968754	0.969799	0.185739	
1.01258	1.01362	0.311603	
0.912209	0.913254	0.6157	
0.809751	0.936958	0.938618	
0.871337	1.04788	1.04954	
0.753206	1.37578	1.37744	
0.644479	1.71751	1.71917	
0.691437	1.82677	1.82843	
0.581664	0.583232	2.1746	
0.468758	0.470325	2.53073	
0.726779	0.728346	2.52817	
1.20945	1.21101	2.62415	
1.8222	1.82377	2.45609	
2.26569	2.26725	2.55705	
2.75619	2.75776	2.75828	
3.32663	3.3282	3.32872	
3.8187	3.82027	3.82079	
4.36302	4.36458	4.36511	
4.77881	4.78038	4.7809	
5.10266	5.10423	5.10475	
5.66474	5.66631	5.66683	
5.99799	5.99956	6.00008	
6.32445	6.32602	6.32654	
6.89489	6.89645	3.23338	
7.21978	7.22135	3.54578	
7.68469	7.68625	3.48954	
7.5979	7.59947	4.24531	
7.5644	7.56597	4.93466	
7.82086	7.82242	5.11255	
7.73251	7.73407	5.87939	
8.0412	8.04277	5.98865	
7.95233	7.9539	6.76214	
8.26103	8.26259	6.87139	
8.16693	8.16849	7.67311	
8.44584	8.44741	7.84381	
8.37682	8.37839	8.48113	
8.48595	8.48752	8.57544	
0	0	0	
0	0	0	
0	0	0	
0	0	0	
0	0	0	
0	0	0	
0	0	0	
0	0	0	
app 0 avg time = 2.2204
app 1 avg time = 2.26448
app 2 avg time = 1.96023
avg = 2.14837
------------------END-----------------------
H = 2
sim_time = 962
