-----------------input_rate-------------------
458
450 448 452 1350
500 500 500 1500
158 816 677 1651
72 76 1652 1800
651 648 651 1950
701 700 700 2101
748 752 751 2251
800 800 800 2400
564 996 990 2550
384 382 1935 2701
948 950 952 2850
460 1460 1081 3001
708 708 1735 3151
1100 1100 1101 3301
268 1244 1939 3451
1200 1200 1200 3600
472 1264 2014 3750
1255 1252 1394 3901
677 1480 1894 4051
1231 1228 1742 4201
701 1558 2092 4351
1500 1501 1500 4501
944 1343 2364 4651
1444 1854 1503 4801
1182 1180 2589 4951
1062 1487 2552 5101
1750 1749 1752 5251
1238 1696 2467 5401
1276 1746 2529 5551
1900 1901 1900 5701
1609 1729 2512 5850
1635 1796 2569 6000
1912 2092 1996 6000
1709 1708 2583 6000
1600 1828 2572 6000
1887 2188 1925 6000
1676 1673 2651 6000
1512 1895 2593 6000
2000 2000 2000 6000
1481 1916 2603 6000
1444 1940 2616 6000
2000 2000 2000 6000
1403 1961 2636 6000
1684 2335 1981 6000
1668 1665 2667 6000
1297 2047 2656 6000
2000 2000 2000 6000
1267 2068 2665 6000
1896 1964 2140 6000
1597 1596 2807 6000
1632 1240 3128 6000
1987 1988 2025 6000
1616 1272 3112 6000
1588 1269 3143 6000
2000 2000 2000 6000
1561 1283 3156 6000
2000 2000 2000 6000
1527 1308 3165 6000
1484 1484 3032 6000
2020 1837 2143 6000
1476 1339 3185 6000
2000 2000 2000 6000
1441 1356 3203 6000
2000 2000 2000 6000
1331 1417 3252 6000
1900 2007 2093 6000
1413 1412 3175 6000
1643 1744 2613 6000
1665 1664 2671 6000
1491 1021 3488 6000
2000 2000 2000 6000
1120 1931 2949 6000
1933 1932 2135 6000
1291 2064 2645 6000
1769 1768 2463 6000
1511 2236 2253 6000
total time = 462.722
app 0 total events number 419396, throughput inf
app 1 total events number 471912, throughput inf
app 2 total events number 659921, throughput inf
process time = 44044 -- avg = 95.1845
total network usage = 238769
220.544
244.599
319.991
518.665
285.133
271.795
279.249
297.394
326.948
372.389
352.924
387.979
415.054
408.471
469.092
445.351
502.707
485.757
531.818
531.811
572.99
556.514
610.022
2265.37
475.477
514.55
915.533
1073.11
1140.43
751.496
807.053
827.633
792.958
826.614
828.888
790.09
830.725
832.144
790.76
833.757
835.22
790.76
837.26
1096.4
646.722
730.137
741.266
776.307
997.99
585.03
650.137
792.143
854.197
1333.68
791.133
941.515
977.873
838.707
362.462
475.415
309.79
293.208
207.372
607.929
200.513
506.871
819.068
846.3
838.004
778.523
776.788
646.815
630.538
640.575
637.27
476.195
network usage average = 109.113
manager usage = 0
------------event number record---------------
450	448	452	
500	500	500	
158	816	677	
72	76	1652	
651	648	651	
701	700	700	
748	752	751	
800	800	800	
564	996	990	
384	382	1935	
948	950	952	
460	1460	1081	
708	708	1735	
1100	1100	1101	
268	1244	1939	
1200	1200	1200	
472	1264	2014	
1255	1252	1394	
677	1480	1894	
1231	1228	1742	
701	1558	2092	
1500	1501	1500	
944	1343	2364	
1444	1854	1503	
1182	1180	2589	
1062	1487	2552	
1750	1749	1752	
1238	1696	2467	
1276	1746	2529	
1900	1901	1900	
1609	1729	2512	
1635	1796	2569	
1912	2092	1996	
1709	1708	2583	
1600	1828	2572	
1887	2188	1925	
1676	1673	2651	
1512	1895	2593	
2000	2000	2000	
1481	1916	2603	
1444	1940	2616	
2000	2000	2000	
1403	1961	2636	
1684	2335	1981	
1668	1665	2667	
1297	2047	2656	
2000	2000	2000	
1267	2068	2665	
1896	1964	2140	
1597	1596	2807	
1632	1240	3128	
1987	1988	2025	
1616	1272	3112	
1588	1269	3143	
2000	2000	2000	
1561	1283	3156	
2000	2000	2000	
1527	1308	3165	
1484	1484	3032	
2020	1837	2143	
1476	1339	3185	
2000	2000	2000	
1441	1356	3203	
2000	2000	2000	
1331	1417	3252	
1900	2007	2093	
1413	1412	3175	
1643	1744	2613	
1665	1664	2671	
1491	1021	3488	
2000	2000	2000	
1120	1931	2949	
1933	1932	2135	
1291	2064	2645	
1769	1768	2463	
1511	2236	2253	
app 0 avg time = 1355.53
app 1 avg time = 1526.21
app 2 avg time = 2139.59
avg = 1673.78
---------response time---------------
0.0108344	0.0214066	0.0131009	
0.0108344	0.0214066	0.0131009	
0.0108344	0.109546	0.10124	
0.0108344	0.382702	0.394884	
0.0108344	0.0116687	0.0229691	
0.0108344	0.0116687	0.0229571	
0.0108344	0.0117676	0.0239494	
0.0108344	0.0118509	0.0240328	
0.0108344	0.0921653	0.104347	
0.0108344	0.294183	0.306365	
0.0108344	0.0345318	0.0467136	
0.0108344	0.166027	0.178209	
0.0108344	0.314606	0.326788	
0.0108344	0.170937	0.183119	
0.0108344	0.542036	0.554218	
0.0108344	0.475418	0.4876	
0.0108344	0.894872	0.907054	
0.0108995	0.950485	0.962666	
0.0108344	1.34178	1.35396	
0.0109544	1.5951	1.60728	
0.0108344	2.11665	2.12884	
0.0110293	2.28238	2.29457	
0.0108344	2.92024	2.93242	
0.0108344	3.15653	3.15808	
0.0112647	3.89208	3.89363	
0.0111305	4.65244	4.65399	
0.0112878	4.67245	4.674	
0.0108832	4.95993	4.96148	
0.0110048	5.28075	5.2823	
0.011275	5.38761	5.38916	
0.0239231	5.69853	5.70008	
0.0244031	6.04511	6.04666	
0.0698552	6.22657	6.22812	
0.054399	6.56075	6.5623	
0.0397771	6.91431	6.91586	
0.0923212	7.08724	7.08879	
0.0697729	7.44079	7.44235	
0.052648	7.81606	7.81761	
0.0976828	7.98124	7.98279	
0.0801407	8.36348	8.36503	
0.0609299	8.7558	8.75735	
0.105965	8.92098	8.92253	
0.084668	9.32493	9.32648	
0.131372	9.54825	9.56043	
0.106737	9.90723	9.91941	
0.0110849	10.6546	10.6668	
0.0110849	11.2082	11.2204	
0.0110031	12.1618	12.174	
0.0108344	12.7898	12.7913	
0.0110849	13.7333	13.7348	
0.0375688	14.6241	14.6256	
0.0796834	14.797	14.7985	
0.0526543	15.2521	15.2537	
0.0355955	15.7287	15.7204	
0.0806303	15.8947	15.8864	
0.0659569	16.5017	16.4934	
0.110992	17.0553	17.047	
0.0823426	18.1523	18.144	
0.0108344	0.0112515	0	
0.0774161	0.0778333	0	
0.0108344	0.0112515	0	
0.0108344	0.0112515	0	
0.0110849	0.0115021	0	
0.0110849	0.0225114	0.0233457	
0.0108354	0.0222619	0.0230962	
0.0946409	0.113214	0.113806	
0.188922	0.200348	0.201183	
0.352018	0.40471	0.405302	
0.501348	0.502182	0.513192	
0.497573	0.498407	0.509417	
0.674437	0.675271	0.68628	
0.620183	0.621017	0.710317	
0.651451	0.652285	0.663294	
0.628902	0.629737	0.698391	
0.625961	0.626796	0.637805	
0.644297	0.645131	0	
app 0 avg time = 0.100592
app 1 avg time = 4.70601
app 2 avg time = 4.70237
avg = 3.16966
---------process_time_record---------------
0	0	0	
0	0	1	
0	0	1	
0	0	1	
1	0	0	
0	0	0	
0	0	0	
0	0	0	
0	0	0	
0	0	0	
0	0	0	
0	0	0	
0	0	0	
0	0	0	
0	0	0	
0	0	0	
0	0	0	
0	0	0	
0	0	0	
0	0	0	
0	0	0	
0	0	0	
0	0	0	
0	0	0	
0	0	0	
0	0	0	
0	0	1	
0	0	0	
0	0	1	
0	0	0	
0	0	0	
0	0	0	
0	0	0	
0	0	0	
0	0	1	
0	0	0	
0	0	0	
0	0	0	
0	0	0	
0	0	0	
0	0	0	
0	0	0	
0	0	0	
0	0	0	
1	0	0	
0	0	0	
0	0	0	
0	0	0	
0	0	0	
0	0	1	
0	0	0	
0	0	0	
0	0	1	
0	0	0	
0	0	0	
0	0	0	
0	0	0	
0	0	0	
0	0	0	
0	0	0	
0	0	0	
0	0	0	
0	0	0	
0	0	0	
1	0	0	
0	0	0	
0	0	0	
0	1	0	
0	0	0	
0	0	0	
0	0	0	
0	0	0	
1	0	0	
0	0	0	
0	0	0	
0	0	0	
app 0 avg time = 0.0526316
app 1 avg time = 0.0131579
app 2 avg time = 0.105263
avg = 0.0570175
---------transmission_time_record---------------
0.0208344	0.0320379	0.0215505	
0.0208344	0.0320379	0.0215505	
0.0208344	0.0320379	0.0215505	
0.0208344	0.0215505	0.0320379	
0.0208344	0.0215505	0.0320379	
0.0208344	0.0215505	0.0320379	
0.0208344	0.0215505	0.0320379	
0.0208344	0.0215505	0.0320379	
0.0208344	0.0215505	0.0320379	
0.0208344	0.0215505	0.0320379	
0.0208344	0.0215505	0.0320379	
0.0208344	0.0215505	0.0320379	
0.0208344	0.0215505	0.0320379	
0.0208344	0.0215505	0.0320379	
0.0208344	0.0215505	0.0320379	
0.0208344	0.0215505	0.0320379	
0.0208344	0.0215505	0.0320379	
0.0208344	0.0215505	0.0320379	
0.0208344	0.0215505	0.0320379	
0.0208344	0.0215505	0.0320379	
0.0208344	0.0215505	0.0320379	
0.0208344	0.0215505	0.0320379	
0.0208344	0.0215505	0.0320379	
0.0208344	0.0215505	0.0630472	
0.0208344	0.0215505	0.0630472	
0.0208344	0.0215505	0.0630472	
0.0208344	0.0215505	0.0630472	
0.0208344	0.0215505	0.0630472	
0.0208344	0.0215505	0.0316015	
0.0208344	0.0215505	0.0316015	
0.0208344	0.0215505	0.0316015	
0.0208344	0.0215505	0.0316015	
0.0208344	0.0215505	0.0316015	
0.0208344	0.0215505	0.0316015	
0.0208344	0.0215505	0.0316015	
0.0208344	0.0215505	0.0316015	
0.0208344	0.0215505	0.0316015	
0.0208344	0.0215505	0.0316015	
0.0208344	0.0215505	0.0316015	
0.0208344	0.0215505	0.0316015	
0.0208344	0.0215505	0.0316015	
0.0208344	0.0215505	0.0316015	
0.0208344	0.0215505	0.0316015	
0.0208344	0.0215505	0.0320379	
0.0208344	0.0215505	0.0320379	
0.0208344	0.0215505	0.0320379	
0.0208344	0.0215505	0.0320379	
0.0208344	0.0215505	0.0320379	
0.0208344	0.0215505	0.0316015	
0.0208344	0.0215505	0.0316015	
0.0208344	0.0215505	0.0316015	
0.0208344	0.0215505	0.0316015	
0.0208344	0.0215505	0.0316015	
0.0316015	0.0320379	0.0215505	
0.0316015	0.0320379	0.0215505	
0.0316015	0.0320379	0.0215505	
0.0316015	0.0320379	0.0215505	
0.0316015	0.0320379	0.0215505	
0.0208344	0.0208344	0	
0.0208344	0.0208344	0	
0.0208344	0.0208344	0	
0.0208344	0.0208344	0	
0.0208344	0.0208344	0	
0.0208344	0.0316015	0.0316015	
0.0208344	0.0316015	0.0316015	
0.0208344	0.0316015	0.0316015	
0.0208344	0.0316015	0.0316015	
0.0208344	0.0316015	0.0316015	
0.0208344	0.0208344	0.0316015	
0.0208344	0.0208344	0.0316015	
0.0208344	0.0208344	0.0316015	
0.0208344	0.0208344	0.0316015	
0.0208344	0.0208344	0.0316015	
0.0208344	0.0208344	0.0316015	
0.0208344	0.0208344	0.0316015	
0.0208344	0.0208344	0	
app 0 avg time = 0.0215427
app 1 avg time = 0.0231932
app 2 avg time = 0.030261
avg = 0.024999
---------queue_time_record---------------
0.00041718	0.00125154	0.0023257	
0.00041718	0.00125154	0.0023257	
0.00041718	0.0881394	0.0904651	
0.00041718	0.371927	0.374253	
0.00041718	0.00125154	0.00233771	
0.00041718	0.00125154	0.0023257	
0.00041718	0.00125154	0.00331807	
0.00041718	0.00125154	0.0034014	
0.00041718	0.0813901	0.0837158	
0.00041718	0.283408	0.285734	
0.00041718	0.0237566	0.0260823	
0.00041718	0.155251	0.157577	
0.00041718	0.303831	0.306157	
0.00041718	0.160162	0.162487	
0.00041718	0.531261	0.533587	
0.00041718	0.464643	0.466969	
0.00041718	0.884097	0.886423	
0.000482308	0.939709	0.942035	
0.00041718	1.33101	1.33333	
0.000537253	1.58432	1.58665	
0.00041718	2.10588	2.1082	
0.000612137	2.27161	2.27393	
0.00041718	2.90946	2.91179	
0.00041718	3.14575	3.1473	
0.000847498	3.8813	3.88285	
0.000713349	4.64166	4.64321	
0.000870586	4.66168	4.66323	
0.00046604	4.94916	4.95071	
0.000587637	5.26998	5.27153	
0.000857828	5.37684	5.37839	
0.0135059	5.68776	5.68931	
0.013986	6.03434	6.03589	
0.059438	6.21579	6.21735	
0.0439818	6.54997	6.55152	
0.0293599	6.90353	6.90508	
0.081904	7.07646	7.07801	
0.0593557	7.43002	7.43157	
0.0422308	7.80529	7.80684	
0.0872657	7.97046	7.97201	
0.0697236	8.3527	8.35426	
0.0505127	8.74503	8.74658	
0.0955476	8.9102	8.91175	
0.0742509	9.31415	9.3157	
0.120954	9.53747	9.5398	
0.0963203	9.89646	9.89878	
0.000667692	10.6438	10.6462	
0.000667692	11.1974	11.1997	
0.000585898	12.151	12.1533	
0.00041718	12.779	12.7805	
0.000667692	13.7225	13.724	
0.0271516	14.6133	14.6148	
0.0692662	14.7862	14.7878	
0.0422371	15.2413	15.2429	
0.0145862	15.7073	15.7096	
0.059621	15.8733	15.8756	
0.0449475	16.4803	16.4826	
0.0899824	17.0339	17.0362	
0.0613332	18.1309	18.1332	
0.00041718	0.000834359	0	
0.0669989	0.0674161	0	
0.00041718	0.000834359	0	
0.00041718	0.000834359	0	
0.000667692	0.00108487	0	
0.000667692	0.00191923	0.00233641	
0.000418205	0.00166974	0.00208692	
0.0842237	0.0922049	0.0927971	
0.178505	0.179756	0.180173	
0.341601	0.383701	0.384293	
0.490931	0.491765	0.492182	
0.487156	0.48799	0.488407	
0.664019	0.664854	0.665271	
0.609765	0.6106	0.689308	
0.641033	0.641868	0.642285	
0.618485	0.619319	0.677382	
0.615544	0.616379	0.616796	
0.63388	0.634714	0	
app 0 avg time = 0.0894783
app 1 avg time = 4.69357
app 2 avg time = 4.68759
avg = 3.15688
------------------END-----------------------
H = 2
sim_time = 458
