-----------------input_rate-------------------
584
449 452 449 1350
500 500 500 1500
156 812 683 1651
76 76 1648 1800
648 652 650 1950
700 700 701 2101
752 750 749 2251
800 800 800 2400
560 994 996 2550
385 384 1932 2701
951 951 948 2850
456 1457 1088 3001
711 708 1732 3151
1101 1100 1100 3301
264 1248 1939 3451
1200 1200 1200 3600
472 1260 2018 3750
1256 1256 1389 3901
676 1476 1899 4051
1232 1232 1737 4201
701 1556 2094 4351
1501 1500 1500 4501
943 1344 2364 4651
1443 1852 1506 4801
1184 1184 2583 4951
1062 1484 2555 5101
1750 1752 1749 5251
1240 1694 2467 5401
1273 1746 2532 5551
1901 1900 1900 5701
1610 1732 2508 5850
1636 1792 2572 6000
1908 2092 2000 6000
1712 1712 2576 6000
1600 1828 2572 6000
1884 2184 1932 6000
1676 1676 2648 6000
1516 1892 2592 6000
2000 2000 2000 6000
1480 1920 2600 6000
1444 1940 2616 6000
2000 2000 2000 6000
1400 1960 2640 6000
1684 2332 1984 6000
1668 1668 2664 6000
1300 2048 2652 6000
2000 2000 2000 6000
1268 2064 2668 6000
1892 1964 2144 6000
1600 1600 2800 6000
1632 1240 3128 6000
1984 1984 2032 6000
1620 1272 3108 6000
1584 1272 3144 6000
2000 2000 2000 6000
1564 1284 3152 6000
2000 2000 2000 6000
1528 1304 3168 6000
1480 1484 3036 6000
2020 1840 2140 6000
1480 1336 3184 6000
2000 2000 2000 6000
1440 1360 3200 6000
2000 2000 2000 6000
1328 1416 3256 6000
1900 2004 2096 6000
1416 1416 3168 6000
1640 1740 2620 6000
1668 1668 2664 6000
1488 1020 3492 6000
2000 2000 2000 6000
1120 1928 2952 6000
1936 1936 2128 6000
1288 2060 2652 6000
1772 1772 2456 6000
1508 2232 2260 6000
total time = 588.732
app 0 total events number 524640, throughput inf
app 1 total events number 590128, throughput inf
app 2 total events number 826081, throughput inf
process time = 57608 -- avg = 97.8509
total network usage = 290543
192.874
213.916
271.483
406.608
254.152
301.145
322.517
323.533
291.821
366.08
305.407
345.52
388.157
353.558
445.441
385.583
472.076
424.472
488.155
474.867
528.258
481.788
816.171
514.415
599.059
790.223
719.362
817.899
840.196
781.094
855.157
878.479
649.936
640.324
689.239
772.992
730.557
758.376
749.71
722.044
661.384
641.785
664.42
670.124
705.064
849.15
814.646
852.167
814.098
753.4
882.516
753.896
880.861
886.004
749.926
887.598
749.926
202.215
210.181
203.752
269.573
210.041
271.53
210.041
277.399
216.889
271.25
244.279
244.838
280.055
210.041
274.045
216.749
257.695
233.938
0
network usage average = 66.5824
manager usage = 0
------------event number record---------------
449	452	449	
500	500	500	
156	812	683	
76	76	1648	
648	652	650	
700	700	701	
752	750	749	
800	800	800	
560	994	996	
385	384	1932	
951	951	948	
456	1457	1088	
711	708	1732	
1101	1100	1100	
264	1248	1939	
1200	1200	1200	
472	1260	2018	
1256	1256	1389	
676	1476	1899	
1232	1232	1737	
701	1556	2094	
1501	1500	1500	
943	1344	2364	
1443	1852	1506	
1184	1184	2583	
1062	1484	2555	
1750	1752	1749	
1240	1694	2467	
1273	1746	2532	
1901	1900	1900	
1610	1732	2508	
1636	1792	2572	
1908	2092	2000	
1712	1712	2576	
1600	1828	2572	
1884	2184	1932	
1676	1676	2648	
1516	1892	2592	
2000	2000	2000	
1480	1920	2600	
1444	1940	2616	
2000	2000	2000	
1400	1960	2640	
1684	2332	1984	
1668	1668	2664	
1300	2048	2652	
2000	2000	2000	
1268	2064	2668	
1892	1964	2144	
1600	1600	2800	
1632	1240	3128	
1984	1984	2032	
1620	1272	3108	
1584	1272	3144	
2000	2000	2000	
1564	1284	3152	
2000	2000	2000	
1528	1304	3168	
1480	1484	3036	
2020	1840	2140	
1480	1336	3184	
2000	2000	2000	
1440	1360	3200	
2000	2000	2000	
1328	1416	3256	
1900	2004	2096	
1416	1416	3168	
1640	1740	2620	
1668	1668	2664	
1488	1020	3492	
2000	2000	2000	
1120	1928	2952	
1936	1936	2128	
1288	2060	2652	
1772	1772	2456	
1508	2232	2260	
app 0 avg time = 1355.49
app 1 avg time = 1526.21
app 2 avg time = 2139.63
avg = 1673.78
---------response time---------------
0.0222287	0.0210494	0.0346251	
0.0223027	0.0210494	0.0346251	
0.0113627	0.01265	0.024069	
0.0112874	0.0125748	0.0239937	
0.0114183	0.0127056	0.0241246	
0.0112874	0.0125748	0.0239937	
0.0112874	0.0125748	0.0239937	
0.0112874	0.0125748	0.0239937	
0.0112874	0.0125748	0.0239937	
0.0115607	0.0128481	0.024267	
0.0115802	0.0128676	0.0242865	
0.0112874	0.0125748	0.0239937	
0.0116224	0.0129098	0.0243287	
0.0113627	0.01265	0.024069	
0.0113514	0.0126388	0.0240577	
0.0114503	0.0127377	0.0241566	
0.0112874	0.056439	0.0576233	
0.0562444	0.0575318	0.0689507	
0.0569402	0.0711088	0.107323	
0.132957	0.134244	0.145663	
0.199326	0.200614	0.240063	
0.409891	0.411178	0.422597	
0.529058	0.541121	0.030643	
0.834903	0.84727	0.0274323	
1.01523	1.0273	0.0220316	
1.07777	1.08984	0.357714	
1.4892	1.50127	0.136196	
1.70946	1.72152	0.233259	
1.96513	1.97719	0.359341	
2.49758	2.50965	0.204751	
2.85449	2.86655	0.320355	
3.24937	3.26143	0.464382	
3.87663	3.88882	0.344513	
4.25735	4.26954	0.490316	
4.65802	4.67022	0.634343	
5.32197	5.33416	0.49414	
5.67373	5.68592	0.671919	
6.07826	6.09033	0.824828	
6.69072	6.70278	0.714824	
7.09718	7.10925	0.871286	
7.50172	7.51379	1.03485	
8.11417	8.12624	0.92485	
8.51421	8.5264	1.09908	
9.18588	9.19807	0.981967	
9.65285	9.66505	1.16685	
10.3934	10.4056	1.34641	
11.3283	11.3405	1.2364	
12.0689	12.0695	12.0817	
12.9453	12.9459	12.9581	
13.3723	13.373	13.3852	
14.1071	14.1077	14.1199	
14.7221	14.7227	14.7362	
15.4517	15.4523	15.4645	
16.1813	16.1819	16.2106	
16.7938	16.7944	16.8066	
17.5214	17.5221	17.5343	
18.1339	18.1345	18.1467	
0	0.510737	0.511921	
0	0.401325	0.40251	
0	0.264675	0.265859	
0	0.406925	0.40811	
0	0.296922	0.298106	
0	0.447462	0.448646	
0	0.337458	0.338643	
0	0.512869	0.514053	
0	0.43188	0.433065	
0	0.581237	0.582421	
0	0.616309	0.617493	
0	0.653749	0.654933	
0	0.840411	0.841595	
0	0.730407	0.731591	
0	0.891606	0.89279	
0	0.810025	0.811209	
0	0.901943	0.903128	
0	0.893196	0.894381	
0	0	0	
app 0 avg time = 3.65704
app 1 avg time = 3.80071
app 2 avg time = 2.34784
avg = 3.26853
---------process_time_record---------------
0	1	0	
1	0	0	
0	0	1	
0	0	0	
0	0	0	
0	0	0	
0	0	0	
0	0	0	
0	0	0	
0	0	0	
0	1	0	
0	0	0	
0	1	0	
0	0	1	
0	0	0	
0	1	0	
0	0	0	
0	0	0	
0	0	0	
0	0	0	
0	0	0	
0	0	0	
0	0	0	
0	0	0	
0	0	0	
0	0	0	
0	0	0	
0	1	0	
0	0	0	
0	0	0	
0	0	0	
0	1	0	
0	0	1	
0	1	0	
0	0	0	
0	0	1	
0	0	0	
0	0	0	
0	0	0	
0	0	0	
0	0	0	
0	0	0	
0	0	0	
0	0	0	
0	0	0	
0	0	0	
0	0	0	
0	0	0	
0	0	0	
0	0	0	
0	0	0	
0	0	0	
0	0	0	
0	0	1	
0	0	0	
1	0	0	
0	0	0	
0	1	0	
0	0	0	
0	0	0	
1	0	0	
0	0	0	
1	0	0	
0	0	0	
0	0	0	
0	0	1	
0	0	0	
0	0	0	
0	0	0	
0	0	0	
0	0	0	
0	0	0	
0	0	0	
0	0	0	
0	0	0	
0	0	0	
app 0 avg time = 0.0526316
app 1 avg time = 0.105263
app 2 avg time = 0.0789474
avg = 0.0789474
---------transmission_time_record---------------
0.0321942	0.0315066	0.0426816	
0.0321942	0.0315066	0.0426816	
0.0212874	0.0212874	0.0321942	
0.0212874	0.0212874	0.0321942	
0.0212874	0.0212874	0.0321942	
0.0212874	0.0212874	0.0321942	
0.0212874	0.0212874	0.0321942	
0.0212874	0.0212874	0.0321942	
0.0212874	0.0212874	0.0321942	
0.0212874	0.0212874	0.0321942	
0.0212874	0.0212874	0.0321942	
0.0212874	0.0212874	0.0321942	
0.0212874	0.0212874	0.0321942	
0.0212874	0.0212874	0.0321942	
0.0212874	0.0212874	0.0321942	
0.0212874	0.0212874	0.0321942	
0.0212874	0.0212874	0.0321942	
0.0212874	0.0212874	0.0321942	
0.0212874	0.0212874	0.0321942	
0.0212874	0.0212874	0.0321942	
0.0212874	0.0212874	0.0321942	
0.0212874	0.0212874	0.0321942	
0.0212874	0.0321942	0.0315066	
0.0212874	0.0321942	0.0315066	
0.0212874	0.0321942	0.0315066	
0.0212874	0.0321942	0.0315066	
0.0212874	0.0321942	0.0315066	
0.0212874	0.0321942	0.0315066	
0.0212874	0.0321942	0.0315066	
0.0212874	0.0321942	0.0315066	
0.0212874	0.0321942	0.0315066	
0.0212874	0.0321942	0.0315066	
0.0212874	0.0321942	0.0211843	
0.0212874	0.0321942	0.0211843	
0.0212874	0.0321942	0.0211843	
0.0212874	0.0321942	0.0211843	
0.0212874	0.0321942	0.0211843	
0.0212874	0.0321942	0.0211843	
0.0212874	0.0321942	0.0211843	
0.0212874	0.0321942	0.0211843	
0.0212874	0.0321942	0.0211843	
0.0212874	0.0321942	0.0211843	
0.0212874	0.0321942	0.0211843	
0.0212874	0.0321942	0.0211843	
0.0212874	0.0321942	0.0211843	
0.0212874	0.0321942	0.0211843	
0.0212874	0.0321942	0.0211843	
0.0212874	0.0212874	0.0321942	
0.0212874	0.0212874	0.0321942	
0.0212874	0.0212874	0.0321942	
0.0212874	0.0212874	0.0321942	
0.0212874	0.0212874	0.0321942	
0.0212874	0.0212874	0.0321942	
0.0212874	0.0212874	0.0321942	
0.0212874	0.0212874	0.0321942	
0.0212874	0.0212874	0.0321942	
0.0212874	0.0212874	0.0321942	
0	0.0211843	0.0211843	
0	0.0211843	0.0211843	
0	0.0211843	0.0211843	
0	0.0211843	0.0211843	
0	0.0211843	0.0211843	
0	0.0211843	0.0211843	
0	0.0211843	0.0211843	
0	0.0211843	0.0211843	
0	0.0211843	0.0211843	
0	0.0211843	0.0211843	
0	0.0211843	0.0211843	
0	0.0211843	0.0211843	
0	0.0211843	0.0211843	
0	0.0211843	0.0211843	
0	0.0211843	0.0211843	
0	0.0211843	0.0211843	
0	0.0211843	0.0211843	
0	0.0211843	0.0211843	
0	0	0	
app 0 avg time = 0.0162526
app 1 avg time = 0.0248396
app 2 avg time = 0.0271755
avg = 0.0227559
---------queue_time_record---------------
0.000809728	0.00193108	0.00257477	
0.000883802	0.00193108	0.00257477	
0.000718958	0.00200634	0.00265004	
0.000643693	0.00193108	0.00257477	
0.000774566	0.00206195	0.00270564	
0.000643693	0.00193108	0.00257477	
0.000643693	0.00193108	0.00257477	
0.000643693	0.00193108	0.00257477	
0.000643693	0.00193108	0.00257477	
0.000917016	0.0022044	0.00284809	
0.000936509	0.00222389	0.00286759	
0.000643693	0.00193108	0.00257477	
0.000978698	0.00226608	0.00290978	
0.000718958	0.00200634	0.00265004	
0.000707676	0.00199506	0.00263876	
0.000806603	0.00209399	0.00273768	
0.000643693	0.0458468	0.0470311	
0.0456007	0.0468881	0.0475318	
0.0462965	0.0605166	0.0859044	
0.122313	0.123601	0.124244	
0.188683	0.18997	0.218644	
0.399247	0.400534	0.401178	
0.518414	0.520345	0.0101858	
0.824259	0.82619	0.00697513	
1.00459	1.00652	0.00157442	
1.06713	1.06906	0.337257	
1.47856	1.48049	0.115739	
1.69882	1.70075	0.212801	
1.95448	1.95641	0.338884	
2.48694	2.48887	0.184293	
2.84384	2.84578	0.299897	
3.23873	3.24066	0.443924	
3.86598	3.86791	0.33392	
4.2467	4.24864	0.479724	
4.64738	4.64931	0.623751	
5.31133	5.31326	0.483547	
5.66308	5.66501	0.661327	
6.06762	6.06955	0.814236	
6.68007	6.682	0.704232	
7.08654	7.08847	0.860694	
7.49108	7.49301	1.02426	
8.10353	8.10546	0.914258	
8.50356	8.50614	1.08848	
9.17523	9.17781	0.971375	
9.64221	9.64478	1.15626	
10.3828	10.3853	1.33582	
11.3177	11.3203	1.22581	
12.0582	12.0589	12.0603	
12.9346	12.9353	12.9367	
13.3617	13.3623	13.3637	
14.0964	14.0971	14.0985	
14.7115	14.7121	14.7147	
15.4411	15.4417	15.4431	
16.1707	16.1713	16.1891	
16.7831	16.7838	16.7852	
17.5108	17.5114	17.5128	
18.1232	18.1239	18.1253	
0	0.500145	0.501329	
0	0.390733	0.391918	
0	0.254083	0.255267	
0	0.396333	0.397518	
0	0.286329	0.287514	
0	0.43687	0.438054	
0	0.326866	0.32805	
0	0.502277	0.503461	
0	0.421288	0.422472	
0	0.570644	0.571829	
0	0.605716	0.606901	
0	0.643157	0.644341	
0	0.829819	0.831003	
0	0.719815	0.720999	
0	0.881014	0.882198	
0	0.799433	0.800617	
0	0.891351	0.892535	
0	0.882604	0.883789	
0	0	0	
app 0 avg time = 3.64877
app 1 avg time = 3.78668
app 2 avg time = 2.33139
avg = 3.25562
------------------END-----------------------
H = 2
sim_time = 584
