-----------------input_rate-------------------
710
452 448 450 1350
500 500 500 1500
152 812 687 1651
76 80 1644 1800
652 649 649 1950
700 701 700 2101
749 750 752 2251
800 800 800 2400
559 992 999 2550
388 388 1925 2701
950 948 952 2850
454 1456 1091 3001
712 712 1727 3151
1100 1100 1101 3301
268 1246 1937 3451
1200 1200 1200 3600
468 1258 2024 3750
1260 1257 1384 3901
672 1475 1904 4051
1236 1233 1732 4201
700 1559 2092 4351
1500 1500 1501 4501
944 1344 2363 4651
1440 1848 1513 4801
1188 1184 2579 4951
1060 1488 2553 5101
1752 1748 1751 5251
1237 1696 2468 5401
1275 1748 2528 5551
1900 1900 1901 5701
1611 1728 2511 5850
1633 1796 2571 6000
1908 2088 2004 6000
1715 1712 2573 6000
1600 1828 2572 6000
1881 2184 1935 6000
1680 1679 2641 6000
1512 1893 2595 6000
2000 2000 2000 6000
1483 1916 2601 6000
1444 1940 2616 6000
2000 2000 2000 6000
1401 1963 2636 6000
1680 2329 1991 6000
1672 1671 2657 6000
1299 2045 2656 6000
2000 2000 2000 6000
1265 2068 2667 6000
1892 1960 2148 6000
1603 1600 2797 6000
1632 1240 3128 6000
1981 1984 2035 6000
1620 1276 3104 6000
1588 1271 3141 6000
2000 2000 2000 6000
1563 1281 3156 6000
2000 2000 2000 6000
1525 1308 3167 6000
1480 1480 3040 6000
2024 1843 2133 6000
1476 1337 3187 6000
2000 2000 2000 6000
1443 1356 3201 6000
2000 2000 2000 6000
1329 1419 3252 6000
1896 2001 2103 6000
1419 1416 3165 6000
1637 1740 2623 6000
1671 1668 2661 6000
1489 1023 3488 6000
2000 2000 2000 6000
1116 1925 2959 6000
1939 1936 2125 6000
1285 2060 2655 6000
1775 1772 2453 6000
1505 2232 2263 6000
total time = 714.743
app 0 total events number 629884, throughput inf
app 1 total events number 708344, throughput inf
app 2 total events number 992241, throughput inf
process time = 69003 -- avg = 96.5424
total network usage = 356275
334.106
168.792
165.848
155.572
314.135
338.12
362.143
334.625
372.573
461.662
392.82
439.803
493.125
454.367
561.921
495.361
598.369
543.969
620.606
606.843
670.501
1337.27
718.451
660.213
838.402
879.806
834.504
918.829
943.703
905.976
966.806
796.478
809.071
781.992
780.288
802.3
766.776
787.318
785.044
789.843
792.634
1144.39
669.268
760.913
799.321
844.405
824.504
847.58
822.943
793.704
757.447
823.365
761.277
761.592
824.504
762.917
824.504
766.577
784.579
808.529
770.414
824.504
773.105
824.504
782.016
826.814
779.577
806.851
798.925
739.264
824.504
505.978
582.123
549.621
532.943
605.488
network usage average = 74.2111
manager usage = 0
------------event number record---------------
452	448	450	
500	500	500	
152	812	687	
76	80	1644	
652	649	649	
700	701	700	
749	750	752	
800	800	800	
559	992	999	
388	388	1925	
950	948	952	
454	1456	1091	
712	712	1727	
1100	1100	1101	
268	1246	1937	
1200	1200	1200	
468	1258	2024	
1260	1257	1384	
672	1475	1904	
1236	1233	1732	
700	1559	2092	
1500	1500	1501	
944	1344	2363	
1440	1848	1513	
1188	1184	2579	
1060	1488	2553	
1752	1748	1751	
1237	1696	2468	
1275	1748	2528	
1900	1900	1901	
1611	1728	2511	
1633	1796	2571	
1908	2088	2004	
1715	1712	2573	
1600	1828	2572	
1881	2184	1935	
1680	1679	2641	
1512	1893	2595	
2000	2000	2000	
1483	1916	2601	
1444	1940	2616	
2000	2000	2000	
1401	1963	2636	
1680	2329	1991	
1672	1671	2657	
1299	2045	2656	
2000	2000	2000	
1265	2068	2667	
1892	1960	2148	
1603	1600	2797	
1632	1240	3128	
1981	1984	2035	
1620	1276	3104	
1588	1271	3141	
2000	2000	2000	
1563	1281	3156	
2000	2000	2000	
1525	1308	3167	
1480	1480	3040	
2024	1843	2133	
1476	1337	3187	
2000	2000	2000	
1443	1356	3201	
2000	2000	2000	
1329	1419	3252	
1896	2001	2103	
1419	1416	3165	
1637	1740	2623	
1671	1668	2661	
1489	1023	3488	
2000	2000	2000	
1116	1925	2959	
1939	1936	2125	
1285	2060	2655	
1775	1772	2453	
1505	2232	2263	
app 0 avg time = 1355.47
app 1 avg time = 1526.16
app 2 avg time = 2139.7
avg = 1673.78
---------response time---------------
0.0215288	0.0211981	0.0330821	
0.0109144	0.0118289	0.0228219	
0.0109144	0.0118289	0.0228219	
0.0109144	0.0118289	0.0228219	
0.0109144	0.0118289	0.0228219	
0.0109144	0.0118289	0.0228219	
0.0109272	0.0118416	0.0228346	
0.010955	0.0118694	0.0228624	
0.0109144	0.0118289	0.0228219	
0.0109144	0.0118289	0.0228219	
0.0111271	0.0120415	0.0230345	
0.0109144	0.0118289	0.0228219	
0.0110542	0.0119686	0.0229616	
0.0109144	0.0118289	0.0228219	
0.0109144	0.0118289	0.0228219	
0.0109144	0.0118289	0.0228219	
0.0109144	0.026935	0.0280438	
0.0111152	0.0120297	0.0230227	
0.0109144	0.0478599	0.0489687	
0.0111335	0.012048	0.023041	
0.0109144	0.0687403	0.0698491	
0.0109144	0.0215302	0.0228219	
0.0110228	0.0211981	0.0229303	
0.0123696	0.0265021	0.024277	
0.0110208	0.0211981	0.0229282	
0.0109786	0.100505	0.0909696	
0.0134562	0.0211981	0.0253637	
0.0305947	0.0315091	0.0425021	
0.0249312	0.0877619	0.0781377	
0.112923	0.113837	0.12483	
0.165884	0.166799	0.177792	
0.245821	0.246736	0.0631143	
0.390226	0.39114	0.0234913	
0.381463	0.382378	0.0829271	
0.166955	0.416895	0.407915	
0.097841	0.52678	0.5178	
0.0115766	0.859619	0.850549	
0.0109144	1.20337	1.19439	
0.0109144	1.31436	1.30538	
0.0113289	1.66319	1.65421	
0.0113289	2.02199	2.01301	
0.0113289	0.0227791	2.12345	
0.0115766	0.0230268	2.49334	
0.106279	0.117729	2.49346	
0.131323	0.142773	2.59946	
0.131705	0.143155	2.70547	
0.277024	0.288474	2.53871	
0.277406	0.288856	2.64971	
0.384318	0.395769	2.54449	
0.301945	0.313395	2.70871	
0.102525	0.113975	3.01096	
0.237785	0.249235	2.85918	
0.123643	0.135093	3.15146	
0.0321789	0.0436292	3.4587	
0.177498	0.188948	3.29195	
0.0775891	0.0890394	3.60585	
0.222908	0.234358	3.43909	
0.117679	0.129129	3.75798	
0.0109144	0.0223647	4.02365	
0.154773	0.166223	3.91178	
0.0423518	0.053802	4.23899	
0.18767	0.199121	4.07223	
0.0683096	0.0797598	4.40443	
0.213628	0.225078	4.23767	
0.0907017	0.102152	4.59149	
0.212245	0.223695	4.46797	
0.112596	0.124046	4.7852	
0.0855452	0.0969954	4.8779	
0.130618	0.142068	4.98557	
0.0444544	0.0559047	5.43751	
0.189773	0.201223	5.27075	
0.106942	0.118393	0	
0.216598	0.228049	0	
0.218809	0.230259	0	
0.234737	0.246187	0	
0.346221	0.357672	0	
app 0 avg time = 0.0970356
app 1 avg time = 0.207862
app 2 avg time = 1.55331
avg = 0.619401
---------process_time_record---------------
0	0	0	
0	0	0	
0	0	0	
0	0	0	
0	0	0	
0	0	0	
0	0	0	
0	0	0	
0	0	0	
0	0	0	
0	0	0	
0	0	0	
0	0	0	
0	0	0	
0	0	0	
0	0	0	
0	0	0	
0	0	0	
0	0	0	
0	0	0	
0	0	0	
0	0	1	
0	0	0	
0	0	0	
0	0	0	
0	0	0	
0	0	1	
0	0	0	
0	0	1	
0	0	0	
0	0	0	
0	0	0	
0	0	0	
0	0	0	
0	0	0	
0	0	0	
0	0	0	
0	1	0	
0	0	0	
0	0	0	
0	1	0	
0	0	0	
0	0	0	
0	0	0	
0	0	0	
0	0	0	
0	0	0	
0	1	0	
0	0	0	
0	0	0	
0	0	0	
0	0	0	
1	0	0	
0	0	0	
1	0	1	
0	0	0	
0	0	0	
0	0	0	
0	0	0	
0	0	0	
0	0	0	
0	0	1	
0	0	0	
0	0	0	
0	0	0	
0	0	0	
0	1	0	
0	0	0	
0	0	0	
0	0	0	
0	0	0	
0	0	0	
1	0	0	
0	0	0	
0	0	0	
0	0	0	
app 0 avg time = 0.0394737
app 1 avg time = 0.0526316
app 2 avg time = 0.0657895
avg = 0.0526316
---------transmission_time_record---------------
0.0315288	0.0318418	0.0427485	
0.0209144	0.0211088	0.0315288	
0.0209144	0.0211088	0.0315288	
0.0209144	0.0211088	0.0315288	
0.0209144	0.0211088	0.0315288	
0.0209144	0.0211088	0.0315288	
0.0209144	0.0211088	0.0315288	
0.0209144	0.0211088	0.0315288	
0.0209144	0.0211088	0.0315288	
0.0209144	0.0211088	0.0315288	
0.0209144	0.0211088	0.0315288	
0.0209144	0.0211088	0.0315288	
0.0209144	0.0211088	0.0315288	
0.0209144	0.0211088	0.0315288	
0.0209144	0.0211088	0.0315288	
0.0209144	0.0211088	0.0315288	
0.0209144	0.0211088	0.0315288	
0.0209144	0.0211088	0.0315288	
0.0209144	0.0211088	0.0315288	
0.0209144	0.0211088	0.0315288	
0.0209144	0.0211088	0.0315288	
0.0209144	0.0318418	0.0315288	
0.0209144	0.0318418	0.0315288	
0.0209144	0.0318418	0.0315288	
0.0209144	0.0318418	0.0315288	
0.0209144	0.0318418	0.0315288	
0.0209144	0.0318418	0.0315288	
0.0209144	0.0318418	0.0315288	
0.0209144	0.0318418	0.0315288	
0.0209144	0.0318418	0.0315288	
0.0209144	0.0318418	0.0315288	
0.0209144	0.0318418	0.0211088	
0.0209144	0.0318418	0.0211088	
0.0209144	0.0318418	0.0211088	
0.0209144	0.0318418	0.0211088	
0.0209144	0.0318418	0.0211088	
0.0209144	0.0318418	0.0211088	
0.0209144	0.0318418	0.0211088	
0.0209144	0.0318418	0.0211088	
0.0209144	0.0318418	0.0211088	
0.0209144	0.0318418	0.0211088	
0.0209144	0.0315288	0.0211088	
0.0209144	0.0315288	0.0211088	
0.0209144	0.0315288	0.0211088	
0.0209144	0.0315288	0.0211088	
0.0209144	0.0315288	0.0211088	
0.0209144	0.0315288	0.0211088	
0.0209144	0.0315288	0.0211088	
0.0209144	0.0315288	0.0211088	
0.0209144	0.0315288	0.0211088	
0.0209144	0.0315288	0.0211088	
0.0209144	0.0315288	0.0211088	
0.0209144	0.0315288	0.0211088	
0.0209144	0.0315288	0.0211088	
0.0209144	0.0315288	0.0211088	
0.0209144	0.0315288	0.0211088	
0.0209144	0.0315288	0.0211088	
0.0209144	0.0315288	0.0211088	
0.0209144	0.0315288	0.0211088	
0.0209144	0.0315288	0.0211088	
0.0209144	0.0315288	0.0211088	
0.0209144	0.0315288	0.0211088	
0.0209144	0.0315288	0.0211088	
0.0209144	0.0315288	0.0211088	
0.0209144	0.0315288	0.0211088	
0.0209144	0.0315288	0.0211088	
0.0209144	0.0315288	0.0211088	
0.0209144	0.0315288	0.0211088	
0.0209144	0.0315288	0.0211088	
0.0209144	0.0315288	0.0211088	
0.0209144	0.0315288	0.0211088	
0.0209144	0.0315288	0	
0.0209144	0.0315288	0	
0.0209144	0.0315288	0	
0.0209144	0.0315288	0	
0.0209144	0.0315288	0	
app 0 avg time = 0.0210541
app 1 avg time = 0.0288732
app 2 avg time = 0.024118
avg = 0.0246817
---------queue_time_record---------------
0.000535812	0.00137164	0.00166316	
0.000457213	0.00137164	0.00182885	
0.000457213	0.00137164	0.00182885	
0.000457213	0.00137164	0.00182885	
0.000457213	0.00137164	0.00182885	
0.000457213	0.00137164	0.00182885	
0.000469982	0.00138441	0.00184162	
0.000497759	0.00141219	0.0018694	
0.000457213	0.00137164	0.00182885	
0.000457213	0.00137164	0.00182885	
0.000669885	0.00158431	0.00204152	
0.000457213	0.00137164	0.00182885	
0.000596966	0.00151139	0.0019686	
0.000457213	0.00137164	0.00182885	
0.000457213	0.00137164	0.00182885	
0.000457213	0.00137164	0.00182885	
0.000457213	0.0163806	0.0174894	
0.000658016	0.00157244	0.00202965	
0.000457213	0.0373056	0.0384143	
0.000676331	0.00159076	0.00204797	
0.000457213	0.0581859	0.0592947	
0.000457213	0.00137164	0.00182885	
0.000565635	0.00148006	0.00193727	
0.00191235	0.00530403	0.0064128	
0.000563558	0.00147798	0.0019352	
0.000521359	0.0793065	0.0804152	
0.00299902	0.00391345	0.00437066	
0.0201375	0.0210519	0.0215091	
0.0144739	0.0665638	0.0675833	
0.102465	0.10338	0.103837	
0.155427	0.156341	0.156799	
0.235364	0.236279	0.0525599	
0.379768	0.380683	0.012937	
0.371006	0.371921	0.0723727	
0.156498	0.395697	0.39736	
0.0873838	0.505582	0.507245	
0.0011194	0.838421	0.839994	
0.000457213	1.18217	1.18383	
0.000457213	1.29316	1.29483	
0.000871639	1.64199	1.64365	
0.000871639	2.00079	2.00246	
0.000871639	0.00224328	2.1129	
0.0011194	0.00249104	2.48279	
0.0958214	0.0971931	2.48291	
0.120866	0.122237	2.58891	
0.121248	0.122619	2.69491	
0.266566	0.267938	2.52816	
0.266948	0.26832	2.63915	
0.373861	0.375233	2.53394	
0.291488	0.292859	2.69815	
0.0920677	0.0934393	3.00041	
0.227328	0.228699	2.84862	
0.113186	0.114558	3.1409	
0.0217217	0.0230934	3.44815	
0.16704	0.168412	3.28139	
0.0671319	0.0685036	3.59529	
0.212451	0.213822	3.42854	
0.107222	0.108593	3.74743	
0.000457213	0.00182885	4.0131	
0.144316	0.145687	3.90123	
0.0318946	0.0332662	4.22843	
0.177213	0.178585	4.06168	
0.0578524	0.059224	4.39387	
0.203171	0.204543	4.22712	
0.0802445	0.0816161	4.58093	
0.201788	0.20316	4.45742	
0.102139	0.10351	4.77465	
0.075088	0.0764596	4.86735	
0.120161	0.121532	4.97501	
0.0339972	0.0353689	5.42696	
0.179316	0.180687	5.2602	
0.0964851	0.0978568	0	
0.206141	0.207513	0	
0.208352	0.209724	0	
0.224279	0.225651	0	
0.335764	0.337136	0	
app 0 avg time = 0.0864398
app 1 avg time = 0.190762
app 2 avg time = 1.53978
avg = 0.60566
------------------END-----------------------
H = 2
sim_time = 710
