-----------------input_rate-------------------
332
450 452 448 1350
500 500 500 1500
160 816 675 1651
71 72 1657 1800
649 652 649 1950
700 700 701 2101
752 749 750 2251
800 800 800 2400
564 999 987 2550
380 380 1941 2701
952 950 948 2850
460 1462 1079 3001
706 704 1741 3151
1101 1100 1100 3301
265 1248 1938 3451
1200 1200 1200 3600
476 1264 2010 3750
1252 1252 1397 3901
680 1480 1891 4051
1228 1228 1745 4201
700 1556 2095 4351
1501 1500 1500 4501
943 1344 2364 4651
1448 1856 1497 4801
1180 1180 2591 4951
1061 1484 2556 5101
1751 1752 1748 5251
1240 1693 2468 5401
1272 1747 2532 5551
1901 1900 1900 5701
1611 1731 2508 5850
1635 1793 2572 6000
1913 2096 1991 6000
1708 1707 2585 6000
1600 1828 2572 6000
1888 2189 1923 6000
1672 1672 2656 6000
1515 1892 2593 6000
2000 2000 2000 6000
1481 1919 2600 6000
1444 1940 2616 6000
2000 2000 2000 6000
1400 1961 2639 6000
1688 2336 1976 6000
1664 1664 2672 6000
1300 2047 2653 6000
2000 2000 2000 6000
1267 2065 2668 6000
1897 1968 2135 6000
1596 1595 2809 6000
1632 1240 3128 6000
1988 1989 2023 6000
1615 1268 3117 6000
1585 1272 3143 6000
2000 2000 2000 6000
1564 1283 3153 6000
2000 2000 2000 6000
1527 1305 3168 6000
1485 1488 3027 6000
2016 1836 2148 6000
1479 1336 3185 6000
2000 2000 2000 6000
1441 1359 3200 6000
2000 2000 2000 6000
1328 1417 3255 6000
1904 2008 2088 6000
1412 1411 3177 6000
1644 1745 2611 6000
1664 1663 2673 6000
1488 1021 3491 6000
2000 2000 2000 6000
1124 1932 2944 6000
1932 1931 2137 6000
1292 2065 2643 6000
1768 1767 2465 6000
1512 2237 2251 6000
total time = 336.713
app 0 total events number 314152, throughput inf
app 1 total events number 353696, throughput inf
app 2 total events number 493761, throughput inf
process time = 31793 -- avg = 94.4217
total network usage = 183924
162.999
165.858
164.177
92.445
345.086
372.34
399.029
425.07
403.38
421.139
411.545
457.914
523.949
476.447
593.21
519.603
629.768
572.481
651.724
640.41
706.19
649.261
758.573
688.681
1414.53
828.333
768.732
939.309
966.114
821.886
814.278
837.367
878.706
825.269
842.575
891.707
820.389
851.925
864.854
856.591
859.558
969.987
1146.31
1251.89
1060.04
1170.87
1049.64
877.155
860.844
810.665
760.619
966.812
948.058
949.343
1154.78
952.664
1154.78
958.9
1011.31
1108
968.043
1154.78
974.872
1154.78
991.519
1157.3
955.552
1001.42
717.907
284.974
471.318
363.276
364.406
316.596
1234.91
354.458
network usage average = 174.525
manager usage = 0
------------event number record---------------
450	452	448	
500	500	500	
160	816	675	
71	72	1657	
649	652	649	
700	700	701	
752	749	750	
800	800	800	
564	999	987	
380	380	1941	
952	950	948	
460	1462	1079	
706	704	1741	
1101	1100	1100	
265	1248	1938	
1200	1200	1200	
476	1264	2010	
1252	1252	1397	
680	1480	1891	
1228	1228	1745	
700	1556	2095	
1501	1500	1500	
943	1344	2364	
1448	1856	1497	
1180	1180	2591	
1061	1484	2556	
1751	1752	1748	
1240	1693	2468	
1272	1747	2532	
1901	1900	1900	
1611	1731	2508	
1635	1793	2572	
1913	2096	1991	
1708	1707	2585	
1600	1828	2572	
1888	2189	1923	
1672	1672	2656	
1515	1892	2593	
2000	2000	2000	
1481	1919	2600	
1444	1940	2616	
2000	2000	2000	
1400	1961	2639	
1688	2336	1976	
1664	1664	2672	
1300	2047	2653	
2000	2000	2000	
1267	2065	2668	
1897	1968	2135	
1596	1595	2809	
1632	1240	3128	
1988	1989	2023	
1615	1268	3117	
1585	1272	3143	
2000	2000	2000	
1564	1283	3153	
2000	2000	2000	
1527	1305	3168	
1485	1488	3027	
2016	1836	2148	
1479	1336	3185	
2000	2000	2000	
1441	1359	3200	
2000	2000	2000	
1328	1417	3255	
1904	2008	2088	
1412	1411	3177	
1644	1745	2611	
1664	1663	2673	
1488	1021	3491	
2000	2000	2000	
1124	1932	2944	
1932	1931	2137	
1292	2065	2643	
1768	1767	2465	
1512	2237	2251	
app 0 avg time = 1355.55
app 1 avg time = 1526.26
app 2 avg time = 2139.51
avg = 1673.78
---------response time---------------
0.0212832	0.0121652	0.0118941	
0.0212832	0.0121652	0.0118941	
0.0212832	0.0121652	0.0118941	
0.0212832	0.0121652	0.0118941	
0.0108661	0.0117321	0.0225823	
0.0108661	0.0117321	0.0225823	
0.0108661	0.0117321	0.0225823	
0.0108824	0.0117485	0.0225987	
0.0108661	0.0455187	0.0467814	
0.0108661	0.0117321	0.0225823	
0.0108661	0.0117321	0.0225823	
0.0108661	0.0117321	0.0225823	
0.0110972	0.0119633	0.0228135	
0.0108661	0.0117321	0.0225823	
0.0110092	0.0118753	0.0227255	
0.0110213	0.0118874	0.0227376	
0.0108661	0.0859091	0.0871718	
0.0108661	0.0117321	0.0225823	
0.0108661	0.0939709	0.0952336	
0.0108661	0.0117321	0.0225823	
0.0108661	0.126072	0.127335	
0.0110769	0.0119429	0.0227932	
0.0108661	0.0639733	0.065236	
0.0108661	0.0166425	0.0225823	
0.010982	0.0222653	0.033406	
0.011103	0.0223863	0.173544	
0.0115074	0.0227907	0.0218544	
0.0112392	0.0225225	0.277042	
0.0111933	0.0224766	0.477692	
0.0420693	0.0533525	0.369125	
0.0539712	0.0652545	0.558591	
0.0369978	0.0482811	0.778361	
0.13387	0.145153	0.723494	
0.0822247	0.0935079	0.948947	
0.041429	0.0527123	1.16872	
0.162984	0.174268	1.08165	
0.0800715	0.0913548	1.3412	
0.0350158	0.0462991	1.57044	
0.119763	0.131047	1.51936	
0.0706632	0.0819464	1.75239	
0.0211138	0.032397	1.99299	
0.18424	0.195523	1.94191	
0.339139	0.350422	2.19388	
0.718782	0.730065	2.13144	
0.80223	0.813514	2.39856	
0.972285	0.983569	2.65621	
1.1956	1.20689	2.60513	
1.14265	1.15393	2.87036	
1.19448	1.20577	2.88368	
1.06055	1.07183	3.2152	
0.819223	0.830506	3.69824	
0.974988	0.986271	3.65853	
0.876562	0.887846	4.13589	
0.77294	0.784224	4.62651	
1.07464	1.08592	4.57543	
0.971449	0.982732	5.06984	
1.27315	1.28443	5.01876	
1.17169	1.18297	5.52074	
1.13995	1.15123	5.95644	
1.37409	1.38538	5.97544	
1.27567	1.28695	6.485	
1.57737	1.58865	6.43392	
1.48024	1.49152	6.95106	
1.78194	1.79322	6.89998	
1.68568	1.69696	7.44363	
1.96962	1.9809	7.43422	
1.81014	1.82142	7.93999	
1.73509	1.74638	8.1787	
1.63753	1.64882	0	
1.29358	1.29445	0	
1.37789	1.37876	0	
1.21365	1.21451	0	
1.052	1.05287	0	
0.780361	0.781227	0	
0.547695	0.558978	0	
0.361364	0.372647	0	
app 0 avg time = 0.537867
app 1 avg time = 0.549408
app 2 avg time = 1.90127
avg = 0.996181
---------process_time_record---------------
0	0	0	
0	0	0	
0	0	0	
0	0	0	
0	0	0	
0	0	0	
0	0	0	
0	0	0	
1	1	0	
0	0	0	
0	0	0	
0	0	0	
0	0	0	
0	0	0	
0	0	0	
0	0	0	
0	0	1	
0	0	0	
0	0	0	
0	0	0	
0	0	0	
0	0	0	
0	0	0	
0	0	0	
0	0	0	
0	0	0	
0	0	0	
0	0	0	
0	0	0	
0	0	0	
0	0	0	
0	0	0	
0	0	0	
0	0	0	
0	0	0	
0	0	0	
1	0	0	
1	0	0	
0	0	1	
0	0	0	
0	0	0	
0	0	0	
0	0	0	
0	0	0	
0	0	0	
0	0	0	
0	0	0	
0	0	0	
0	0	0	
0	0	0	
0	0	0	
0	0	0	
0	1	0	
0	0	0	
0	0	0	
0	0	0	
0	0	0	
0	0	0	
0	0	0	
0	0	0	
0	0	0	
0	0	0	
0	0	0	
0	0	0	
1	0	0	
0	0	0	
0	0	0	
0	0	0	
0	0	0	
0	0	0	
0	0	0	
1	0	0	
0	0	0	
0	0	1	
0	0	0	
0	0	0	
app 0 avg time = 0.0657895
app 1 avg time = 0.0263158
app 2 avg time = 0.0394737
avg = 0.0438596
---------transmission_time_record---------------
0.0312674	0.0208661	0.0212627	
0.0312674	0.0208661	0.0212627	
0.0312674	0.0208661	0.0212627	
0.0312674	0.0208661	0.0212627	
0.0208661	0.0212627	0.0312674	
0.0208661	0.0212627	0.0312674	
0.0208661	0.0212627	0.0312674	
0.0208661	0.0212627	0.0312674	
0.0208661	0.0212627	0.0312674	
0.0208661	0.0212627	0.0312674	
0.0208661	0.0212627	0.0312674	
0.0208661	0.0212627	0.0312674	
0.0208661	0.0212627	0.0312674	
0.0208661	0.0212627	0.0312674	
0.0208661	0.0212627	0.0312674	
0.0208661	0.0212627	0.0312674	
0.0208661	0.0212627	0.0312674	
0.0208661	0.0212627	0.0312674	
0.0208661	0.0212627	0.0312674	
0.0208661	0.0212627	0.0312674	
0.0208661	0.0212627	0.0312674	
0.0208661	0.0212627	0.0312674	
0.0208661	0.0212627	0.0312674	
0.0208661	0.0212627	0.0312674	
0.0208661	0.0312674	0.0318148	
0.0208661	0.0312674	0.0318148	
0.0208661	0.0312674	0.0318148	
0.0208661	0.0312674	0.0318148	
0.0208661	0.0312674	0.0318148	
0.0208661	0.0312674	0.0212627	
0.0208661	0.0312674	0.0212627	
0.0208661	0.0312674	0.0212627	
0.0208661	0.0312674	0.0212627	
0.0208661	0.0312674	0.0212627	
0.0208661	0.0312674	0.0212627	
0.0208661	0.0312674	0.0212627	
0.0208661	0.0312674	0.0212627	
0.0208661	0.0312674	0.0212627	
0.0208661	0.0312674	0.0212627	
0.0208661	0.0312674	0.0212627	
0.0208661	0.0312674	0.0212627	
0.0208661	0.0312674	0.0212627	
0.0208661	0.0312674	0.0212627	
0.0208661	0.0312674	0.0212627	
0.0208661	0.0312674	0.0212627	
0.0208661	0.0312674	0.0212627	
0.0208661	0.0312674	0.0212627	
0.0208661	0.0312674	0.0212627	
0.0208661	0.0312674	0.0212627	
0.0208661	0.0312674	0.0212627	
0.0208661	0.0312674	0.0212627	
0.0208661	0.0312674	0.0212627	
0.0208661	0.0312674	0.0212627	
0.0208661	0.0312674	0.0212627	
0.0208661	0.0312674	0.0212627	
0.0208661	0.0312674	0.0212627	
0.0208661	0.0312674	0.0212627	
0.0208661	0.0312674	0.0212627	
0.0208661	0.0312674	0.0212627	
0.0208661	0.0312674	0.0212627	
0.0208661	0.0312674	0.0212627	
0.0208661	0.0312674	0.0212627	
0.0208661	0.0312674	0.0212627	
0.0208661	0.0312674	0.0212627	
0.0208661	0.0312674	0.0212627	
0.0208661	0.0312674	0.0212627	
0.0208661	0.0312674	0.0212627	
0.0208661	0.0312674	0.0212627	
0.0208661	0.0312674	0	
0.0208661	0.0208661	0	
0.0208661	0.0208661	0	
0.0208661	0.0208661	0	
0.0208661	0.0208661	0	
0.0208661	0.0208661	0	
0.0208661	0.0312674	0	
0.0208661	0.0312674	0	
app 0 avg time = 0.0214135
app 1 avg time = 0.0274028
app 2 avg time = 0.0223516
avg = 0.0237226
---------queue_time_record---------------
0.000433033	0.00173213	0.0012627	
0.000433033	0.00173213	0.0012627	
0.000433033	0.00173213	0.0012627	
0.000433033	0.00173213	0.0012627	
0.000433033	0.0012991	0.00173213	
0.000433033	0.0012991	0.00173213	
0.000433033	0.0012991	0.00173213	
0.000449399	0.00131547	0.0017485	
0.000433033	0.0348873	0.03615	
0.000433033	0.0012991	0.00173213	
0.000433033	0.0012991	0.00173213	
0.000433033	0.0012991	0.00173213	
0.000664178	0.00153024	0.00196328	
0.000433033	0.0012991	0.00173213	
0.000576211	0.00144228	0.00187531	
0.000588288	0.00145435	0.00188739	
0.000433033	0.0752777	0.0765404	
0.000433033	0.0012991	0.00173213	
0.000433033	0.0833396	0.0846023	
0.000433033	0.0012991	0.00173213	
0.000433033	0.115441	0.116703	
0.000643844	0.00150991	0.00194294	
0.000433033	0.053342	0.0546047	
0.000433033	0.00601117	0.00727387	
0.000549003	0.0018481	0.0128143	
0.000669987	0.00196909	0.152953	
0.00107439	0.00237349	0.0012627	
0.000806206	0.0021053	0.25645	
0.000760303	0.0020594	0.4571	
0.0316363	0.0329354	0.358494	
0.0435382	0.0448373	0.54796	
0.0265648	0.0278639	0.76773	
0.123437	0.124736	0.712863	
0.0717917	0.0730908	0.938315	
0.030996	0.0322951	1.15809	
0.152551	0.15385	1.07102	
0.0696385	0.0709376	1.33057	
0.0245828	0.0258819	1.55981	
0.10933	0.110629	1.50873	
0.0602301	0.0619623	1.74176	
0.0106808	0.0124129	1.98236	
0.173807	0.175539	1.93128	
0.328706	0.330438	2.18325	
0.708349	0.710081	2.12081	
0.791797	0.793096	2.38793	
0.961852	0.963151	2.64558	
1.18517	1.18647	2.5945	
1.13221	1.13351	2.85973	
1.18405	1.18535	2.87305	
1.05012	1.05185	3.20457	
0.80879	0.810522	3.68761	
0.964555	0.966287	3.6479	
0.866129	0.867861	4.12526	
0.762507	0.76424	4.61588	
1.0642	1.06594	4.5648	
0.961016	0.962748	5.05921	
1.26271	1.26444	5.00813	
1.16126	1.16299	5.51011	
1.12952	1.13125	5.94581	
1.36366	1.36539	5.96481	
1.26524	1.26697	6.47437	
1.56693	1.56866	6.42329	
1.46981	1.47154	6.94042	
1.7715	1.77324	6.88935	
1.67524	1.67654	7.433	
1.95919	1.96048	7.42359	
1.7997	1.801	7.92936	
1.72466	1.72596	8.16807	
1.6271	1.6284	0	
1.28315	1.28401	0	
1.36746	1.36833	0	
1.20321	1.20408	0	
1.04157	1.04243	0	
0.769928	0.770794	0	
0.537262	0.538561	0	
0.350931	0.35223	0	
app 0 avg time = 0.526885
app 1 avg time = 0.532899
app 2 avg time = 1.88916
avg = 0.98298
------------------END-----------------------
H = 2
sim_time = 332
