-----------------input_rate-------------------
1088
448 450 452 1350
500 500 500 1500
148 804 699 1651
84 87 1629 1800
649 649 652 1950
701 700 700 2101
750 752 749 2251
800 800 800 2400
552 984 1014 2550
396 392 1913 2701
948 952 950 2850
448 1448 1105 3001
720 718 1713 3151
1100 1101 1100 3301
266 1245 1940 3451
1200 1200 1200 3600
462 1252 2036 3750
1265 1264 1372 3901
667 1468 1916 4051
1241 1240 1720 4201
703 1556 2092 4351
1500 1501 1500 4501
944 1343 2364 4651
1432 1844 1525 4801
1192 1192 2567 4951
1064 1485 2552 5101
1748 1751 1752 5251
1240 1696 2465 5401
1276 1744 2531 5551
1900 1901 1900 5701
1608 1731 2511 5850
1636 1795 2569 6000
1900 2081 2019 6000
1720 1720 2560 6000
1600 1828 2572 6000
1876 2176 1948 6000
1687 1684 2629 6000
1513 1895 2592 6000
2000 2000 2000 6000
1480 1917 2603 6000
1444 1940 2616 6000
2000 2000 2000 6000
1403 1960 2637 6000
1673 2324 2003 6000
1679 1676 2645 6000
1297 2048 2655 6000
2000 2000 2000 6000
1268 2067 2665 6000
1884 1953 2163 6000
1608 1608 2784 6000
1632 1240 3128 6000
1976 1976 2048 6000
1628 1283 3089 6000
1587 1269 3144 6000
2000 2000 2000 6000
1561 1284 3155 6000
2000 2000 2000 6000
1528 1307 3165 6000
1472 1473 3055 6000
2031 1848 2121 6000
1477 1339 3184 6000
2000 2000 2000 6000
1440 1357 3203 6000
2000 2000 2000 6000
1331 1416 3253 6000
1889 1996 2115 6000
1424 1424 3152 6000
1632 1732 2636 6000
1676 1676 2648 6000
1491 1020 3489 6000
2000 2000 2000 6000
1109 1920 2971 6000
1944 1944 2112 6000
1280 2052 2668 6000
1780 1780 2440 6000
1500 2224 2276 6000
total time = 1092.77
app 0 total events number 945616, throughput inf
app 1 total events number 1062992, throughput inf
app 2 total events number 1490721, throughput inf
process time = 105084 -- avg = 96.1627
total network usage = 535258
259.699
287.839
377.521
610.851
354.77
314.953
316.295
337.141
370.759
435.151
388.272
432.981
472.89
449.177
539.455
489.655
576.169
535.323
602.55
592.551
649.208
611.853
693.416
837.583
734.316
767.086
830.898
899.746
735.462
759.705
762.71
784.141
807.757
1151.76
688.561
761.027
786.448
809.365
815.006
811.678
814.429
815.006
816.819
932.825
660.666
708.606
799.404
812.814
1102.9
680.099
695.55
812.84
747.031
745.821
815.006
747.694
815.006
750.406
891.269
661.603
675.767
799.404
745.476
1417.57
676.244
880.883
548.57
638.046
946.4
393.373
588.432
486.82
571.592
529.382
523.47
584.446
network usage average = 47.1263
manager usage = 0
------------event number record---------------
448	450	452	
500	500	500	
148	804	699	
84	87	1629	
649	649	652	
701	700	700	
750	752	749	
800	800	800	
552	984	1014	
396	392	1913	
948	952	950	
448	1448	1105	
720	718	1713	
1100	1101	1100	
266	1245	1940	
1200	1200	1200	
462	1252	2036	
1265	1264	1372	
667	1468	1916	
1241	1240	1720	
703	1556	2092	
1500	1501	1500	
944	1343	2364	
1432	1844	1525	
1192	1192	2567	
1064	1485	2552	
1748	1751	1752	
1240	1696	2465	
1276	1744	2531	
1900	1901	1900	
1608	1731	2511	
1636	1795	2569	
1900	2081	2019	
1720	1720	2560	
1600	1828	2572	
1876	2176	1948	
1687	1684	2629	
1513	1895	2592	
2000	2000	2000	
1480	1917	2603	
1444	1940	2616	
2000	2000	2000	
1403	1960	2637	
1673	2324	2003	
1679	1676	2645	
1297	2048	2655	
2000	2000	2000	
1268	2067	2665	
1884	1953	2163	
1608	1608	2784	
1632	1240	3128	
1976	1976	2048	
1628	1283	3089	
1587	1269	3144	
2000	2000	2000	
1561	1284	3155	
2000	2000	2000	
1528	1307	3165	
1472	1473	3055	
2031	1848	2121	
1477	1339	3184	
2000	2000	2000	
1440	1357	3203	
2000	2000	2000	
1331	1416	3253	
1889	1996	2115	
1424	1424	3152	
1632	1732	2636	
1676	1676	2648	
1491	1020	3489	
2000	2000	2000	
1109	1920	2971	
1944	1944	2112	
1280	2052	2668	
1780	1780	2440	
1500	2224	2276	
app 0 avg time = 1355.37
app 1 avg time = 1526.08
app 2 avg time = 2139.88
avg = 1673.78
---------response time---------------
0.0108509	0.0211417	0.022892	
0.0108509	0.0211417	0.022892	
0.0108509	0.0211417	0.022892	
0.0108509	0.0117017	0.022318	
0.0108509	0.0117017	0.0223934	
0.0108509	0.0117017	0.022318	
0.0108509	0.0117017	0.0224618	
0.0108509	0.0117017	0.0224896	
0.0108509	0.0337041	0.045434	
0.0108509	0.0117017	0.022318	
0.0108509	0.0117017	0.0227926	
0.0108509	0.0820677	0.0937976	
0.0108509	0.0117017	0.0225888	
0.0109732	0.0118241	0.022318	
0.011122	0.197138	0.208868	
0.0111462	0.011997	0.0224159	
0.0108509	0.285543	0.297273	
0.0110199	0.0787338	0.0904637	
0.0108509	0.253748	0.265478	
0.0110382	0.196941	0.208671	
0.0108509	0.350709	0.362439	
0.0110541	0.235101	0.24683	
0.0108509	0.477697	0.489427	
0.0108509	0.0224666	0.435003	
0.0108509	0.0224666	0.744077	
0.0111467	0.0227625	1.06904	
0.0108509	0.0224666	0.843472	
0.0113113	0.022927	0.932585	
0.010981	0.0225967	1.04056	
0.0237462	0.035362	0.880296	
0.03939	0.0510057	0.99018	
0.0320255	0.0436412	1.12477	
0.101973	0.113589	1.01762	
0.0656847	1.15805	1.14926	
0.0342828	1.29499	1.2862	
0.0229742	1.30371	1.29492	
0.0112017	1.71298	1.70419	
0.0113859	2.13754	2.12875	
0.0113859	2.31624	2.30745	
0.0108509	2.74903	2.74024	
0.0108509	3.19064	3.18185	
0.0108509	3.36934	3.36056	
0.0112017	3.82272	3.81393	
0.0108509	0.0224666	4.04145	
0.0112017	0.0228174	4.45601	
0.0204254	0.0320411	4.8541	
0.0861189	0.0977347	4.73813	
0.0387635	0.0503792	4.91506	
0.064467	4.88081	4.87202	
0.062125	5.11127	5.10248	
0.0108509	5.56406	5.55527	
0.0108509	5.76041	5.75162	
0.0113859	6.31378	6.30499	
0.0245593	6.8895	6.88071	
0.0112017	7.0682	7.05941	
0.0108509	7.65156	7.64277	
0.0108509	7.83026	7.82147	
0.0113859	8.42068	8.4119	
0.0108509	0.0224666	8.9782	
0.0112017	0.0228174	9.1869	
0.0284285	0.0400442	9.74262	
0.0941221	0.105738	9.62665	
0.0381508	0.0497665	10.0418	
0.136102	9.9352	9.92641	
0.0786754	10.3721	10.3633	
0.107782	10.4285	10.4197	
0.0885347	0.0575531	0	
0.0431087	0.0121271	0	
0.0642862	0.0759019	0	
0.0843063	0.095922	0	
0.150425	0.162041	0	
0.0108509	0.0224666	0	
0.0728041	0.0844198	0	
0.0108509	0.0224666	0	
0.0675917	0.0792074	0	
0.0984003	0.110016	0	
app 0 avg time = 0.0303549
app 1 avg time = 1.62134
app 2 avg time = 2.64921
avg = 1.43363
---------process_time_record---------------
0	0	0	
0	0	0	
0	0	0	
0	0	0	
0	0	0	
1	0	0	
0	0	0	
0	0	0	
0	0	0	
0	0	0	
0	0	0	
0	0	0	
0	0	0	
0	0	0	
0	0	0	
0	0	0	
0	0	0	
0	0	0	
0	0	0	
1	0	0	
0	0	0	
0	0	0	
0	0	0	
0	0	0	
0	0	0	
0	0	0	
0	0	0	
0	0	0	
0	0	0	
0	0	0	
0	0	0	
0	0	0	
0	0	0	
0	0	0	
0	0	0	
0	0	0	
0	0	0	
0	0	0	
0	0	0	
0	0	0	
0	0	0	
0	0	0	
0	0	0	
0	0	0	
0	0	0	
1	0	0	
0	0	0	
0	0	0	
0	0	0	
0	0	0	
0	0	0	
0	0	0	
0	0	0	
0	0	1	
0	1	0	
0	0	0	
1	0	0	
0	0	0	
0	0	0	
0	0	1	
1	0	0	
0	0	0	
0	0	0	
0	0	0	
0	0	0	
0	0	0	
1	1	0	
1	0	0	
0	0	0	
0	0	0	
0	0	0	
0	0	0	
0	0	0	
0	0	0	
0	0	0	
0	0	0	
app 0 avg time = 0.0921053
app 1 avg time = 0.0263158
app 2 avg time = 0.0263158
avg = 0.0482456
---------transmission_time_record---------------
0.0208509	0.0316952	0.0319552	
0.0208509	0.0316952	0.0319552	
0.0208509	0.0316952	0.0319552	
0.0208509	0.0211763	0.0316952	
0.0208509	0.0211763	0.0316952	
0.0208509	0.0211763	0.0316952	
0.0208509	0.0211763	0.0316952	
0.0208509	0.0211763	0.0316952	
0.0208509	0.0211763	0.0316952	
0.0208509	0.0211763	0.0316952	
0.0208509	0.0211763	0.0316952	
0.0208509	0.0211763	0.0316952	
0.0208509	0.0211763	0.0316952	
0.0208509	0.0211763	0.0316952	
0.0208509	0.0211763	0.0316952	
0.0208509	0.0211763	0.0316952	
0.0208509	0.0211763	0.0316952	
0.0208509	0.0211763	0.0316952	
0.0208509	0.0211763	0.0316952	
0.0208509	0.0211763	0.0316952	
0.0208509	0.0211763	0.0316952	
0.0208509	0.0211763	0.0316952	
0.0208509	0.0211763	0.0316952	
0.0208509	0.0319552	0.0316952	
0.0208509	0.0319552	0.0316952	
0.0208509	0.0319552	0.0316952	
0.0208509	0.0319552	0.0316952	
0.0208509	0.0319552	0.0316952	
0.0208509	0.0319552	0.0211763	
0.0208509	0.0319552	0.0211763	
0.0208509	0.0319552	0.0211763	
0.0208509	0.0319552	0.0211763	
0.0208509	0.0319552	0.0211763	
0.0208509	0.0316952	0.0211763	
0.0208509	0.0316952	0.0211763	
0.0208509	0.0316952	0.0211763	
0.0208509	0.0316952	0.0211763	
0.0208509	0.0316952	0.0211763	
0.0208509	0.0316952	0.0211763	
0.0208509	0.0316952	0.0211763	
0.0208509	0.0316952	0.0211763	
0.0208509	0.0316952	0.0211763	
0.0208509	0.0316952	0.0211763	
0.0208509	0.0319552	0.0211763	
0.0208509	0.0319552	0.0211763	
0.0208509	0.0319552	0.0211763	
0.0208509	0.0319552	0.0211763	
0.0208509	0.0319552	0.0211763	
0.0208509	0.0316952	0.0211763	
0.0208509	0.0316952	0.0211763	
0.0208509	0.0316952	0.0211763	
0.0208509	0.0316952	0.0211763	
0.0208509	0.0316952	0.0211763	
0.0208509	0.0316952	0.0211763	
0.0208509	0.0316952	0.0211763	
0.0208509	0.0316952	0.0211763	
0.0208509	0.0316952	0.0211763	
0.0208509	0.0316952	0.0211763	
0.0208509	0.0319552	0.0211763	
0.0208509	0.0319552	0.0211763	
0.0208509	0.0319552	0.0211763	
0.0208509	0.0319552	0.0211763	
0.0208509	0.0319552	0.0211763	
0.0528277	0.0316952	0.0211763	
0.0528277	0.0316952	0.0211763	
0.0528277	0.0316952	0.0211763	
0.0528277	0.0208509	0	
0.0528277	0.0208509	0	
0.0208509	0.0319552	0	
0.0208509	0.0319552	0	
0.0208509	0.0319552	0	
0.0208509	0.0319552	0	
0.0208509	0.0319552	0	
0.0208509	0.0319552	0	
0.0208509	0.0319552	0	
0.0208509	0.0319552	0	
app 0 avg time = 0.0229546
app 1 avg time = 0.0287375
app 2 avg time = 0.0222756
avg = 0.0246559
---------queue_time_record---------------
0.000425427	0.00127628	0.00170171	
0.000425427	0.00127628	0.00170171	
0.000425427	0.00127628	0.00170171	
0.000425427	0.00127628	0.00176452	
0.000425427	0.00127628	0.00183988	
0.000425427	0.00127628	0.00176452	
0.000425427	0.00127628	0.00190825	
0.000425427	0.00127628	0.00193603	
0.000425427	0.023116	0.0248805	
0.000425427	0.00127628	0.00176452	
0.000425427	0.00127628	0.00223912	
0.000425427	0.0714795	0.0732441	
0.000425427	0.00127628	0.00203524	
0.000547823	0.00139868	0.00176452	
0.00069657	0.18655	0.188314	
0.000720724	0.00157158	0.00186238	
0.000425427	0.274955	0.27672	
0.000594443	0.0681457	0.0699102	
0.000425427	0.24316	0.244924	
0.000612758	0.186353	0.188117	
0.000425427	0.340121	0.341885	
0.000628631	0.224512	0.226277	
0.000425427	0.467109	0.468874	
0.000425427	0.00170171	0.41445	
0.000425427	0.00170171	0.723523	
0.000721314	0.00199759	1.04848	
0.000425427	0.00170171	0.822918	
0.000885893	0.00216217	0.912032	
0.000555559	0.00183184	1.02997	
0.0133208	0.0145971	0.869708	
0.0289646	0.0302409	0.979592	
0.0216	0.0228763	1.11418	
0.0915479	0.0928242	1.00703	
0.0552592	1.13691	1.13868	
0.0238574	1.27385	1.27562	
0.0125488	1.28257	1.28433	
0.00077628	1.69184	1.6936	
0.000960466	2.11639	2.11816	
0.000960466	2.29509	2.29686	
0.000425427	2.72789	2.72965	
0.000425427	3.1695	3.17127	
0.000425427	3.3482	3.34997	
0.00077628	3.80158	3.80335	
0.000425427	0.00170171	4.03086	
0.00077628	0.00205256	4.44542	
0.00999993	0.0112762	4.84351	
0.0756935	0.0769698	4.72754	
0.0283381	0.0296144	4.90448	
0.0540416	4.85967	4.86143	
0.0516995	5.09013	5.0919	
0.000425427	5.54292	5.54469	
0.000425427	5.73927	5.74103	
0.000960466	6.29263	6.2944	
0.0141338	6.86835	6.87012	
0.00077628	7.04705	7.04882	
0.000425427	7.63042	7.63218	
0.000425427	7.80912	7.81088	
0.000960466	8.39954	8.40131	
0.000425427	0.00170171	8.96762	
0.00077628	0.00205256	9.17631	
0.0180031	0.0192793	9.73203	
0.0836966	0.0849729	9.61606	
0.0277253	0.0290016	10.0312	
0.0938444	9.91406	9.91582	
0.0364175	10.351	10.3527	
0.0655244	10.4073	10.4091	
0.0462768	0.0471277	0	
0.000850853	0.00170171	0	
0.0538608	0.0551371	0	
0.0738809	0.0751572	0	
0.14	0.141276	0	
0.000425427	0.00170171	0	
0.0623787	0.063655	0	
0.000425427	0.00170171	0	
0.0571662	0.0584425	0	
0.0879749	0.0892511	0	
app 0 avg time = 0.0178353
app 1 avg time = 1.60346
app 2 avg time = 2.63631
avg = 1.4192
------------------END-----------------------
H = 2
sim_time = 1088
