-----------------input_rate-------------------
836
448 452 450 1350
500 500 500 1500
152 808 691 1651
80 81 1639 1800
648 651 651 1950
700 700 701 2101
752 751 748 2251
800 800 800 2400
556 989 1005 2550
390 388 1923 2701
950 952 948 2850
452 1452 1097 3001
716 712 1723 3151
1100 1101 1100 3301
264 1247 1940 3451
1200 1200 1200 3600
468 1256 2026 3750
1260 1260 1381 3901
672 1472 1907 4051
1236 1236 1729 4201
702 1556 2093 4351
1501 1500 1500 4501
943 1344 2364 4651
1438 1848 1515 4801
1188 1188 2575 4951
1063 1484 2554 5101
1749 1752 1750 5251
1240 1695 2466 5401
1274 1745 2532 5551
1901 1900 1900 5701
1609 1732 2509 5850
1636 1793 2571 6000
1904 2087 2009 6000
1716 1716 2568 6000
1600 1828 2572 6000
1880 2180 1940 6000
1681 1680 2639 6000
1515 1893 2592 6000
2000 2000 2000 6000
1480 1919 2601 6000
1444 1940 2616 6000
2000 2000 2000 6000
1401 1960 2639 6000
1679 2328 1993 6000
1673 1672 2655 6000
1299 2048 2653 6000
2000 2000 2000 6000
1268 2065 2667 6000
1888 1959 2153 6000
1604 1604 2792 6000
1632 1240 3128 6000
1980 1980 2040 6000
1624 1277 3099 6000
1585 1271 3144 6000
2000 2000 2000 6000
1563 1284 3153 6000
2000 2000 2000 6000
1528 1305 3167 6000
1476 1479 3045 6000
2025 1844 2131 6000
1479 1337 3184 6000
2000 2000 2000 6000
1440 1359 3201 6000
2000 2000 2000 6000
1329 1416 3255 6000
1895 2000 2105 6000
1420 1420 3160 6000
1636 1736 2628 6000
1672 1672 2656 6000
1489 1020 3491 6000
2000 2000 2000 6000
1115 1924 2961 6000
1940 1940 2120 6000
1284 2056 2660 6000
1776 1776 2448 6000
1504 2228 2268 6000
total time = 840.752
app 0 total events number 735128, throughput inf
app 1 total events number 826560, throughput inf
app 2 total events number 1158401, throughput inf
process time = 80433 -- avg = 95.6679
total network usage = 412272
261.531
289.927
361.067
674.545
367.619
395.778
358.554
333.671
375.966
463.91
395.608
444.329
495.684
458.356
566.159
499.677
602.886
548.248
625.598
611.19
812.812
624.496
723.521
796.387
860.397
717.2
736.511
764.027
770.41
786.314
795.294
817.517
838.092
808.489
821.707
1153.07
673.839
727.923
831.688
837.066
839.874
831.688
842.882
870.547
808.961
853.613
831.688
855.972
830.678
804.217
769.206
830.3
772.826
773.418
831.688
1086.85
683.667
737.77
792.67
812.653
955.961
670.644
832.423
1070.49
1181.87
1093.81
829.057
780.007
805.526
749.997
827.612
275.106
351.153
302.382
321.529
337.786
network usage average = 63.2459
manager usage = 0
------------event number record---------------
448	452	450	
500	500	500	
152	808	691	
80	81	1639	
648	651	651	
700	700	701	
752	751	748	
800	800	800	
556	989	1005	
390	388	1923	
950	952	948	
452	1452	1097	
716	712	1723	
1100	1101	1100	
264	1247	1940	
1200	1200	1200	
468	1256	2026	
1260	1260	1381	
672	1472	1907	
1236	1236	1729	
702	1556	2093	
1501	1500	1500	
943	1344	2364	
1438	1848	1515	
1188	1188	2575	
1063	1484	2554	
1749	1752	1750	
1240	1695	2466	
1274	1745	2532	
1901	1900	1900	
1609	1732	2509	
1636	1793	2571	
1904	2087	2009	
1716	1716	2568	
1600	1828	2572	
1880	2180	1940	
1681	1680	2639	
1515	1893	2592	
2000	2000	2000	
1480	1919	2601	
1444	1940	2616	
2000	2000	2000	
1401	1960	2639	
1679	2328	1993	
1673	1672	2655	
1299	2048	2653	
2000	2000	2000	
1268	2065	2667	
1888	1959	2153	
1604	1604	2792	
1632	1240	3128	
1980	1980	2040	
1624	1277	3099	
1585	1271	3144	
2000	2000	2000	
1563	1284	3153	
2000	2000	2000	
1528	1305	3167	
1476	1479	3045	
2025	1844	2131	
1479	1337	3184	
2000	2000	2000	
1440	1359	3201	
2000	2000	2000	
1329	1416	3255	
1895	2000	2105	
1420	1420	3160	
1636	1736	2628	
1672	1672	2656	
1489	1020	3491	
2000	2000	2000	
1115	1924	2961	
1940	1940	2120	
1284	2056	2660	
1776	1776	2448	
1504	2228	2268	
app 0 avg time = 1355.42
app 1 avg time = 1526.16
app 2 avg time = 2139.75
avg = 1673.78
---------response time---------------
0.0109041	0.0118082	0.0228147	
0.0109041	0.0118082	0.0228147	
0.0109041	0.0118082	0.0228147	
0.0109041	0.0118082	0.0228147	
0.0109041	0.0118082	0.0228147	
0.0109041	0.0118082	0.0228147	
0.0109117	0.0118158	0.0228223	
0.0109395	0.0118436	0.0228501	
0.0109041	0.0118082	0.0228147	
0.0110675	0.0119716	0.022978	
0.0109041	0.0118082	0.0228147	
0.0109041	0.0118082	0.0228147	
0.0109041	0.0118082	0.0228147	
0.0110531	0.0119572	0.0229637	
0.0109041	0.0118082	0.0228147	
0.0109041	0.0118082	0.0228147	
0.0110895	0.0124715	0.0230001	
0.0109041	0.0118082	0.0228147	
0.0111093	0.0365243	0.037596	
0.0109041	0.0118082	0.0228147	
0.0113485	0.0656173	0.0561665	
0.0111416	0.0210582	0.0230521	
0.0113781	0.0210582	0.0232887	
0.0109395	0.0260324	0.0229967	
0.0111541	0.02119	0.0230647	
0.01122	0.0824481	0.0735331	
0.0112596	0.0212131	0.0122981	
0.011416	0.0212237	0.0123087	
0.0114479	0.297914	0.288999	
0.0112819	0.317924	0.309009	
0.0111739	0.560471	0.551556	
0.0114269	0.835704	0.826789	
0.0109041	0.925009	0.916094	
0.0112123	1.18899	1.18007	
0.0112123	1.46958	1.46066	
0.0190206	0.0304791	1.5339	
0.0111895	0.022648	1.82092	
0.0494271	0.0608856	2.03935	
0.181825	0.193283	1.84468	
0.169113	0.180572	1.89165	
0.155497	0.166956	1.94452	
0.287895	0.299354	1.74985	
0.271567	0.283025	1.81183	
0.442389	0.453848	1.61447	
0.389897	0.401355	1.68288	
0.379897	0.391356	1.75076	
0.512295	0.523754	1.55608	
0.501392	0.51285	1.62931	
0.594461	0.605919	1.49626	
0.503091	0.51455	1.61985	
0.29464	0.306098	1.87848	
0.415736	0.427195	1.69987	
0.218134	0.229592	1.94671	
0.0307284	0.0421869	2.21176	
0.163126	0.174585	2.01709	
0.0727925	2.29534	2.28642	
0.204738	2.1012	2.09228	
0.020473	2.48092	2.472	
0.0109041	2.9051	2.89619	
0.0111895	3.01048	3.00157	
0.0114269	0.0228854	3.46166	
0.0114269	0.0228854	3.53489	
0.145868	0.157326	3.90764	
0.504745	0.516204	3.71296	
0.656129	0.667588	4.02249	
1.0028	3.87959	3.87068	
1.16413	4.15161	4.14269	
1.2025	4.28003	4.27111	
0.960145	4.57348	4.56456	
0.529283	5.11501	5.10609	
0.435201	5.18878	5.17986	
0.123681	0.124585	0	
0.0112123	0.0121164	0	
0.0109041	0.0118082	0	
0.0112123	0.0121164	0	
0.0109041	0.0118082	0	
app 0 avg time = 0.172241
app 1 avg time = 0.70393
app 2 avg time = 1.32256
avg = 0.732911
---------process_time_record---------------
0	0	0	
0	0	0	
0	0	0	
0	0	0	
0	0	0	
1	0	0	
0	0	0	
0	1	0	
0	0	0	
0	1	0	
0	0	0	
0	0	0	
0	0	0	
0	0	0	
0	0	0	
0	0	0	
0	0	0	
0	0	0	
0	0	0	
0	0	0	
1	0	0	
0	0	0	
0	0	0	
0	0	0	
1	0	0	
0	1	0	
0	0	0	
0	0	0	
0	0	0	
0	0	0	
0	0	1	
0	0	0	
0	0	0	
0	0	0	
0	0	0	
0	0	0	
0	0	0	
0	0	0	
0	0	0	
0	0	0	
0	0	2	
0	0	0	
0	0	0	
0	0	0	
0	0	0	
0	0	0	
0	0	0	
1	0	0	
1	0	0	
0	0	0	
0	0	0	
0	0	0	
0	0	0	
0	0	0	
0	0	0	
0	0	0	
0	0	0	
0	1	0	
0	0	0	
0	0	0	
0	0	0	
0	0	1	
0	0	0	
1	0	0	
0	0	1	
0	0	0	
0	0	0	
0	0	0	
0	0	0	
0	0	0	
0	0	0	
0	0	0	
0	0	0	
0	0	0	
1	1	0	
0	0	0	
app 0 avg time = 0.0921053
app 1 avg time = 0.0657895
app 2 avg time = 0.0657895
avg = 0.0745614
---------transmission_time_record---------------
0.0209041	0.0210716	0.0315608	
0.0209041	0.0210716	0.0315608	
0.0209041	0.0210716	0.0315608	
0.0209041	0.0210716	0.0315608	
0.0209041	0.0210716	0.0315608	
0.0209041	0.0210716	0.0315608	
0.0209041	0.0210716	0.0315608	
0.0209041	0.0210716	0.0315608	
0.0209041	0.0210716	0.0315608	
0.0209041	0.0210716	0.0315608	
0.0209041	0.0210716	0.0315608	
0.0209041	0.0210716	0.0315608	
0.0209041	0.0210716	0.0315608	
0.0209041	0.0210716	0.0315608	
0.0209041	0.0210716	0.0315608	
0.0209041	0.0210716	0.0315608	
0.0209041	0.0210716	0.0315608	
0.0209041	0.0210716	0.0315608	
0.0209041	0.0210716	0.0315608	
0.0209041	0.0210716	0.0315608	
0.0209041	0.0315807	0.0315608	
0.0209041	0.0315807	0.0315608	
0.0209041	0.0315807	0.0315608	
0.0209041	0.0315807	0.0315608	
0.0209041	0.0315807	0.0315608	
0.0209041	0.0315807	0.0210716	
0.0209041	0.0315807	0.0210716	
0.0209041	0.0315807	0.0210716	
0.0209041	0.0315807	0.0210716	
0.0209041	0.0315807	0.0210716	
0.0209041	0.0315807	0.0210716	
0.0209041	0.0315807	0.0210716	
0.0209041	0.0315807	0.0210716	
0.0209041	0.0315807	0.0210716	
0.0209041	0.0315807	0.0210716	
0.0209041	0.0315608	0.0210716	
0.0209041	0.0315608	0.0210716	
0.0209041	0.0315608	0.0210716	
0.0209041	0.0315608	0.0210716	
0.0209041	0.0315608	0.0210716	
0.0209041	0.0315608	0.0210716	
0.0209041	0.0315608	0.0210716	
0.0209041	0.0315608	0.0210716	
0.0209041	0.0315608	0.0210716	
0.0209041	0.0315608	0.0210716	
0.0209041	0.0315608	0.0210716	
0.0209041	0.0315608	0.0210716	
0.0209041	0.0315608	0.0210716	
0.0209041	0.0315608	0.0210716	
0.0209041	0.0315608	0.0210716	
0.0209041	0.0315608	0.0210716	
0.0209041	0.0315608	0.0210716	
0.0209041	0.0315608	0.0210716	
0.0209041	0.0315608	0.0210716	
0.0209041	0.0315608	0.0210716	
0.0209041	0.0315807	0.0210716	
0.0209041	0.0315807	0.0210716	
0.0209041	0.0315807	0.0210716	
0.0209041	0.0315807	0.0210716	
0.0209041	0.0315807	0.0210716	
0.0209041	0.0315608	0.0315608	
0.0209041	0.0315608	0.0315608	
0.0209041	0.0315608	0.0315608	
0.0209041	0.0315608	0.0315608	
0.0209041	0.0315608	0.0315608	
0.0209041	0.0315807	0.0210716	
0.0209041	0.0315807	0.0210716	
0.0209041	0.0315807	0.0210716	
0.0209041	0.0315807	0.0210716	
0.0209041	0.0315807	0.0210716	
0.0209041	0.0315807	0.0210716	
0.0209041	0.0209041	0	
0.0209041	0.0209041	0	
0.0209041	0.0209041	0	
0.0209041	0.0209041	0	
0.0209041	0.0209041	0	
app 0 avg time = 0.0209041
app 1 avg time = 0.0281062
app 2 avg time = 0.0238258
avg = 0.0242787
---------queue_time_record---------------
0.000452055	0.00135617	0.00180822	
0.000452055	0.00135617	0.00180822	
0.000452055	0.00135617	0.00180822	
0.000452055	0.00135617	0.00180822	
0.000452055	0.00135617	0.00180822	
0.000452055	0.00135617	0.00180822	
0.000459666	0.00136378	0.00181583	
0.000487443	0.00139155	0.00184361	
0.000452055	0.00135617	0.00180822	
0.000615424	0.00151953	0.00197159	
0.000452055	0.00135617	0.00180822	
0.000452055	0.00135617	0.00180822	
0.000452055	0.00135617	0.00180822	
0.00060108	0.00150519	0.00195724	
0.000452055	0.00135617	0.00180822	
0.000452055	0.00135617	0.00180822	
0.000637443	0.00193571	0.00300734	
0.000452055	0.00135617	0.00180822	
0.000657196	0.0259885	0.0270601	
0.000452055	0.00135617	0.00180822	
0.000896395	0.0445591	0.0456307	
0.000689498	0.00159361	0.00204566	
0.000926058	0.00183017	0.00228222	
0.000487443	0.00497414	0.00604576	
0.00070209	0.0016062	0.00205825	
0.00076793	0.0613898	0.0629973	
0.000807568	0.00171168	0.00176229	
0.000963979	0.00186809	0.00177288	
0.000995805	0.276855	0.278463	
0.000829849	0.296866	0.298473	
0.000721814	0.539413	0.541021	
0.000974887	0.814645	0.816253	
0.000452055	0.903951	0.905558	
0.000760275	1.16793	1.16954	
0.000760275	1.44852	1.45013	
0.00856853	0.0099247	1.52336	
0.000737443	0.00209361	1.81038	
0.0389751	0.0403312	2.02882	
0.171373	0.172729	1.83414	
0.158661	0.160017	1.88112	
0.145045	0.146401	1.93399	
0.277443	0.278799	1.73931	
0.261115	0.262471	1.80129	
0.431937	0.433294	1.60394	
0.379445	0.380801	1.67235	
0.369445	0.370801	1.74022	
0.501843	0.503199	1.54555	
0.49094	0.492296	1.61878	
0.584009	0.585365	1.48572	
0.492639	0.493995	1.60932	
0.284188	0.285544	1.86794	
0.405284	0.40664	1.68934	
0.207682	0.209038	1.93617	
0.0202763	0.0216325	2.20122	
0.152674	0.15403	2.00655	
0.0623404	2.27428	2.27589	
0.194286	2.08014	2.08175	
0.0100209	2.45986	2.46146	
0.000452055	2.88405	2.88565	
0.000737443	2.98942	2.99103	
0.000974887	0.00233105	3.45112	
0.000974887	0.00233105	3.52435	
0.135416	0.136772	3.8971	
0.494293	0.495649	3.70243	
0.645677	0.647034	4.01195	
0.992349	3.85853	3.86014	
1.15368	4.13055	4.13216	
1.19205	4.25897	4.26058	
0.949693	4.55242	4.55403	
0.518831	5.09395	5.09556	
0.424749	5.16772	5.16932	
0.113229	0.114133	0	
0.000760275	0.00166439	0	
0.000452055	0.00135617	0	
0.000760275	0.00166439	0	
0.000452055	0.00135617	0	
app 0 avg time = 0.161789
app 1 avg time = 0.686631
app 2 avg time = 1.30962
avg = 0.719346
------------------END-----------------------
H = 2
sim_time = 836
