-----------------input_rate-------------------
206
449 449 452 1350
500 500 500 1500
163 820 668 1651
72 68 1660 1800
648 652 650 1950
700 700 701 2101
752 750 749 2251
800 800 800 2400
564 1002 984 2550
380 377 1944 2701
948 951 951 2850
464 1464 1073 3001
704 703 1744 3151
1100 1101 1100 3301
267 1244 1940 3451
1200 1200 1200 3600
477 1268 2005 3750
1250 1248 1403 3901
682 1484 1885 4051
1226 1224 1751 4201
702 1557 2092 4351
1500 1501 1500 4501
944 1343 2364 4651
1448 1859 1494 4801
1177 1176 2598 4951
1063 1486 2552 5101
1749 1750 1752 5251
1239 1696 2466 5401
1276 1745 2530 5551
1900 1901 1900 5701
1608 1730 2512 5850
1636 1796 2568 6000
1916 2096 1988 6000
1704 1704 2592 6000
1600 1828 2572 6000
1892 2192 1916 6000
1672 1668 2660 6000
1512 1896 2592 6000
2000 2000 2000 6000
1480 1916 2604 6000
1444 1940 2616 6000
2000 2000 2000 6000
1404 1960 2636 6000
1688 2340 1972 6000
1664 1660 2676 6000
1296 2048 2656 6000
2000 2000 2000 6000
1268 2068 2664 6000
1900 1968 2132 6000
1592 1592 2816 6000
1632 1240 3128 6000
1992 1992 2016 6000
1612 1268 3120 6000
1588 1268 3144 6000
2000 2000 2000 6000
1560 1284 3156 6000
2000 2000 2000 6000
1528 1308 3164 6000
1488 1488 3024 6000
2016 1832 2152 6000
1476 1340 3184 6000
2000 2000 2000 6000
1440 1356 3204 6000
2000 2000 2000 6000
1332 1416 3252 6000
1904 2012 2084 6000
1408 1408 3184 6000
1648 1748 2604 6000
1660 1660 2680 6000
1492 1020 3488 6000
2000 2000 2000 6000
1124 1936 2940 6000
1928 1928 2144 6000
1296 2068 2636 6000
1764 1764 2472 6000
1516 2240 2244 6000
total time = 210.702
app 0 total events number 208908, throughput inf
app 1 total events number 235480, throughput inf
app 2 total events number 327601, throughput inf
process time = 20633 -- avg = 97.9248
total network usage = 114551
127.651
141.355
163.729
257.433
309.51
333.609
317.004
305.101
347.398
463.574
362.362
407.418
480.221
418.945
546.925
456.893
577.179
506.975
589.961
573.537
1649.12
571.147
691.173
720.584
774.894
648.799
663.339
694.034
716.1
723.052
734.215
755.779
772.583
744.661
760.125
1224.12
743.377
884.976
1158.41
1154.14
2095.1
1159.23
1314.13
1674.24
1621.69
1057.83
1020.38
1063.97
1019.65
947.686
867.447
1021.3
849.999
831.072
952.857
1649.34
953.122
887.631
919.689
1030.83
871.325
1085.81
288.004
415.729
288.705
1329.13
294.848
976.98
1639.54
1977.85
420.351
0
0
0
0
0
network usage average = 276.684
manager usage = 0
------------event number record---------------
449	449	452	
500	500	500	
163	820	668	
72	68	1660	
648	652	650	
700	700	701	
752	750	749	
800	800	800	
564	1002	984	
380	377	1944	
948	951	951	
464	1464	1073	
704	703	1744	
1100	1101	1100	
267	1244	1940	
1200	1200	1200	
477	1268	2005	
1250	1248	1403	
682	1484	1885	
1226	1224	1751	
702	1557	2092	
1500	1501	1500	
944	1343	2364	
1448	1859	1494	
1177	1176	2598	
1063	1486	2552	
1749	1750	1752	
1239	1696	2466	
1276	1745	2530	
1900	1901	1900	
1608	1730	2512	
1636	1796	2568	
1916	2096	1988	
1704	1704	2592	
1600	1828	2572	
1892	2192	1916	
1672	1668	2660	
1512	1896	2592	
2000	2000	2000	
1480	1916	2604	
1444	1940	2616	
2000	2000	2000	
1404	1960	2636	
1688	2340	1972	
1664	1660	2676	
1296	2048	2656	
2000	2000	2000	
1268	2068	2664	
1900	1968	2132	
1592	1592	2816	
1632	1240	3128	
1992	1992	2016	
1612	1268	3120	
1588	1268	3144	
2000	2000	2000	
1560	1284	3156	
2000	2000	2000	
1528	1308	3164	
1488	1488	3024	
2016	1832	2152	
1476	1340	3184	
2000	2000	2000	
1440	1356	3204	
2000	2000	2000	
1332	1416	3252	
1904	2012	2084	
1408	1408	3184	
1648	1748	2604	
1660	1660	2680	
1492	1020	3488	
2000	2000	2000	
1124	1936	2940	
1928	1928	2144	
1296	2068	2636	
1764	1764	2472	
1516	2240	2244	
app 0 avg time = 1355.58
app 1 avg time = 1526.28
app 2 avg time = 2139.47
avg = 1673.78
---------response time---------------
0.0111835	0.012367	0.0221426	
0.0111835	0.012367	0.0221426	
0.0111835	0.012367	0.0221426	
0.0111835	0.012367	0.0221426	
0.0112624	0.0124459	0.0221426	
0.0111835	0.012367	0.0222362	
0.0111835	0.012367	0.022268	
0.0111835	0.012367	0.0222957	
0.0111835	0.0253647	0.0369374	
0.0114049	0.0125884	0.0221426	
0.0111835	0.012367	0.0227995	
0.0111835	0.0681281	0.0797008	
0.0114578	0.0126413	0.0221426	
0.0111835	0.012367	0.0221426	
0.0114974	0.174258	0.185831	
0.0115336	0.0127171	0.0221426	
0.0111835	0.256447	0.26802	
0.0118542	0.035737	0.0473097	
0.0111835	0.228178	0.23975	
0.0118908	0.152796	0.164369	
0.0118093	0.293643	0.28435	
0.0116254	0.150466	0.141173	
0.0118835	0.353191	0.343898	
0.181358	0.182541	0.193745	
0.264639	0.265823	0.277027	
0.398817	0.400001	0.107265	
0.69573	0.696914	0.0124667	
0.894419	0.895602	0.0165493	
0.790731	0.791915	0.348094	
0.917237	0.918421	0.433471	
0.907225	0.908409	0.755508	
0.925026	1.11989	1.11117	
1.11443	1.2704	1.26168	
1.12513	1.62321	1.61449	
1.14175	1.98514	1.97642	
1.35246	2.11913	2.1104	
1.34304	2.49644	2.48772	
1.35374	2.95923	2.95051	
1.53959	3.38669	3.37796	
1.54674	4.04835	4.03963	
1.55034	4.72198	4.71269	
1.73679	5.14887	5.13958	
1.83861	5.73646	5.72716	
2.32508	5.96732	5.95802	
2.70739	6.20502	6.19573	
3.09266	6.54757	6.53885	
3.57439	6.69011	6.68138	
3.85433	7.14093	7.13221	
4.00113	7.61568	7.60696	
3.94556	8.27564	8.26692	
3.79767	8.96864	8.95992	
3.9782	9.40066	9.39194	
3.72853	10.0982	10.0895	
3.38774	10.806	10.7973	
3.27713	11.2335	11.2248	
2.93041	11.951	11.9417	
2.8204	12.3779	12.3686	
2.57191	13.0054	12.9961	
2.45479	13.2932	13.2839	
2.59568	13.4306	13.4213	
2.43122	13.7219	13.7126	
2.61708	13.8639	13.8546	
2.4467	2.4585	0	
2.63256	2.64435	0	
2.44798	2.45978	0	
2.62019	2.61017	2.63243	
2.45691	2.44689	2.46916	
2.84506	2.82625	2.85674	
3.61505	3.60503	3.6273	
4.46366	4.45364	4.4759	
5.23124	5.23242	0	
0	0	0	
0	0	0	
0	0	0	
0	0	0	
0	0	0	
app 0 avg time = 1.45697
app 1 avg time = 3.45928
app 2 avg time = 3.25286
avg = 2.72304
---------process_time_record---------------
0	0	0	
0	0	0	
0	0	0	
0	0	0	
0	0	0	
0	0	0	
0	0	0	
0	0	0	
0	0	0	
0	0	0	
0	0	0	
0	0	0	
0	0	0	
0	1	0	
0	0	0	
0	0	0	
0	0	0	
0	0	0	
0	0	0	
0	0	0	
0	1	0	
0	0	0	
0	0	0	
0	0	0	
0	0	0	
0	0	0	
0	0	0	
0	0	0	
0	0	0	
0	0	0	
0	0	0	
0	0	0	
0	0	0	
0	0	0	
0	0	0	
0	0	1	
0	0	0	
0	0	0	
0	0	0	
0	0	0	
1	0	0	
0	0	1	
0	0	0	
0	0	0	
0	0	0	
0	0	0	
0	0	0	
0	0	0	
0	0	0	
1	0	0	
0	0	0	
0	0	0	
0	0	0	
0	0	0	
0	0	0	
0	0	0	
0	1	0	
0	0	0	
0	0	1	
0	0	0	
0	0	0	
0	0	0	
0	0	0	
0	0	0	
0	0	0	
0	0	0	
0	0	0	
0	0	0	
0	0	0	
0	0	0	
0	0	0	
0	0	0	
0	0	0	
0	0	0	
0	0	0	
0	0	0	
app 0 avg time = 0.0263158
app 1 avg time = 0.0394737
app 2 avg time = 0.0394737
avg = 0.0350877
---------transmission_time_record---------------
0.0211835	0.0211835	0.0314359	
0.0211835	0.0211835	0.0314359	
0.0211835	0.0211835	0.0314359	
0.0211835	0.0211835	0.0314359	
0.0211835	0.0211835	0.0314359	
0.0211835	0.0211835	0.0314359	
0.0211835	0.0211835	0.0314359	
0.0211835	0.0211835	0.0314359	
0.0211835	0.0211835	0.0314359	
0.0211835	0.0211835	0.0314359	
0.0211835	0.0211835	0.0314359	
0.0211835	0.0211835	0.0314359	
0.0211835	0.0211835	0.0314359	
0.0211835	0.0211835	0.0314359	
0.0211835	0.0211835	0.0314359	
0.0211835	0.0211835	0.0314359	
0.0211835	0.0211835	0.0314359	
0.0211835	0.0211835	0.0314359	
0.0211835	0.0211835	0.0314359	
0.0211835	0.0211835	0.0314359	
0.0211835	0.0314359	0.0318168	
0.0211835	0.0314359	0.0318168	
0.0211835	0.0314359	0.0318168	
0.0211835	0.0314359	0.0318168	
0.0211835	0.0314359	0.0318168	
0.0211835	0.0314359	0.0211397	
0.0211835	0.0314359	0.0211397	
0.0211835	0.0314359	0.0211397	
0.0211835	0.0314359	0.0211397	
0.0211835	0.0314359	0.0211397	
0.0211835	0.0314359	0.0211397	
0.0211835	0.0314359	0.0211397	
0.0211835	0.0314359	0.0211397	
0.0211835	0.0314359	0.0211397	
0.0211835	0.0314359	0.0211397	
0.0211835	0.0318168	0.0211397	
0.0211835	0.0318168	0.0211397	
0.0211835	0.0318168	0.0211397	
0.0211835	0.0318168	0.0211397	
0.0211835	0.0318168	0.0211397	
0.0211835	0.0318168	0.0420966	
0.0211835	0.0318168	0.0420966	
0.0211835	0.0318168	0.0420966	
0.0211835	0.0318168	0.0420966	
0.0211835	0.0318168	0.0420966	
0.0211835	0.0314359	0.0211397	
0.0211835	0.0314359	0.0211397	
0.0211835	0.0314359	0.0211397	
0.0211835	0.0314359	0.0211397	
0.0211835	0.0314359	0.0211397	
0.0211835	0.0314359	0.0211397	
0.0211835	0.0314359	0.0211397	
0.0211835	0.0314359	0.0211397	
0.0211835	0.0314359	0.0211397	
0.0211835	0.0314359	0.0211397	
0.0211835	0.0318168	0.0211397	
0.0211835	0.0318168	0.0211397	
0.0211835	0.0318168	0.0211397	
0.0211835	0.0318168	0.0211397	
0.0211835	0.0318168	0.0211397	
0.0211835	0.0318168	0.0211397	
0.0211835	0.0318168	0.0211397	
0.0211835	0.0318168	0	
0.0211835	0.0318168	0	
0.0211835	0.0318168	0	
0.0318168	0.0211835	0.0420966	
0.0318168	0.0211835	0.0420966	
0.0318168	0.0211835	0.0420966	
0.0318168	0.0211835	0.0420966	
0.0318168	0.0211835	0.0420966	
0.0211835	0.0211835	0	
0	0	0	
0	0	0	
0	0	0	
0	0	0	
0	0	0	
app 0 avg time = 0.0204894
app 1 avg time = 0.0259606
app 2 avg time = 0.0248058
avg = 0.0237519
---------queue_time_record---------------
0.000591744	0.00177523	0.00170953	
0.000591744	0.00177523	0.00170953	
0.000591744	0.00177523	0.00170953	
0.000591744	0.00177523	0.00170953	
0.000670668	0.00185416	0.00170953	
0.000591744	0.00177523	0.00180318	
0.000591744	0.00177523	0.00183493	
0.000591744	0.00177523	0.00186271	
0.000591744	0.0147949	0.0165044	
0.000813118	0.00199661	0.00170953	
0.000591744	0.00177523	0.00236643	
0.000591744	0.0575583	0.0592678	
0.000866028	0.00204952	0.00170953	
0.000591744	0.00177523	0.00170953	
0.000905668	0.163688	0.165398	
0.0009419	0.00212539	0.00170953	
0.000591744	0.245877	0.247587	
0.00126241	0.0251671	0.0268767	
0.000591744	0.217608	0.219317	
0.00129904	0.142226	0.143936	
0.00121755	0.27264	0.27378	
0.00103364	0.129463	0.130603	
0.00129171	0.332188	0.333328	
0.170766	0.171949	0.172541	
0.254048	0.255231	0.255823	
0.388225	0.389409	0.0966949	
0.685138	0.686322	0.00189684	
0.883827	0.885011	0.00597944	
0.78014	0.781323	0.337524	
0.906645	0.907829	0.422901	
0.896634	0.897817	0.744938	
0.914434	1.09889	1.1006	
1.10384	1.2494	1.25111	
1.11454	1.60221	1.60392	
1.13116	1.96414	1.96585	
1.34186	2.09813	2.09983	
1.33244	2.47544	2.47715	
1.34314	2.93823	2.93994	
1.529	3.36568	3.36739	
1.53615	4.02735	4.02906	
1.53975	4.70098	4.70212	
1.72619	5.12787	5.12901	
1.82802	5.71545	5.71659	
2.31448	5.94632	5.94746	
2.6968	6.18402	6.18516	
3.08207	6.52657	6.52828	
3.5638	6.6691	6.67081	
3.84374	7.11993	7.12164	
3.99054	7.59468	7.59639	
3.93497	8.25464	8.25635	
3.78708	8.94764	8.94935	
3.96761	9.37966	9.38137	
3.71794	10.0772	10.0789	
3.37714	10.785	10.7868	
3.26654	11.2125	11.2142	
2.91982	11.93	11.9312	
2.8098	12.3569	12.358	
2.56132	12.9844	12.9855	
2.4442	13.2722	13.2734	
2.58509	13.4096	13.4108	
2.42063	13.7009	13.702	
2.60648	13.8429	13.844	
2.43611	2.43729	0	
2.62196	2.62315	0	
2.43739	2.43857	0	
2.59898	2.59957	2.60078	
2.43571	2.4363	2.43751	
2.82386	2.81566	2.82509	
3.59385	3.59444	3.59564	
4.44246	4.44305	4.44425	
5.22065	5.22183	0	
0	0	0	
0	0	0	
0	0	0	
0	0	0	
0	0	0	
app 0 avg time = 1.44638
app 1 avg time = 3.44432
app 2 avg time = 3.23928
avg = 2.70999
------------------END-----------------------
H = 2
sim_time = 206
