-----------------input_rate-------------------
80
0 0 0 0
248 252 251 751
300 300 301 901
352 351 348 1051
400 401 400 1201
450 448 452 1350
500 500 500 1500
550 552 549 1651
600 600 600 1800
651 648 651 1950
325 1348 428 2101
243 932 1076 2251
800 800 800 2400
745 1061 744 2550
118 807 1776 2701
950 952 948 2850
780 1441 780 3001
388 703 2060 3151
1100 1101 1100 3301
412 1203 1836 3451
1116 1112 1372 3600
816 1620 1314 3750
891 888 2122 3901
1017 1876 1158 4051
984 983 2234 4201
956 1357 2038 4351
1388 1387 1726 4501
926 1333 2392 4651
1601 1600 1600 4801
1011 1436 2504 4951
1138 1596 2367 5101
1752 1750 1749 5251
1224 1697 2480 5401
1510 1629 2412 5551
1901 1900 1900 5701
1585 1745 2520 5850
1620 1803 2577 6000
2000 2000 2000 6000
1600 1828 2572 6000
1561 1860 2579 6000
2000 2000 2000 6000
1515 1893 2592 6000
1640 2079 2281 6000
1840 1840 2320 6000
1444 1940 2616 6000
2000 2000 2000 6000
1401 1960 2639 6000
1352 2000 2648 6000
2000 2000 2000 6000
1299 2048 2653 6000
2000 2000 2000 6000
1268 2065 2667 6000
1492 1563 2945 6000
2000 2000 2000 6000
1632 1240 3128 6000
1576 1576 2848 6000
2028 1681 2291 6000
1585 1271 3144 6000
2000 2000 2000 6000
1563 1284 3153 6000
1600 1600 2800 6000
1928 1705 2367 6000
1501 1323 3176 6000
2000 2000 2000 6000
1479 1337 3184 6000
2000 2000 2000 6000
1440 1359 3201 6000
1820 1908 2272 6000
1509 1508 2983 6000
1491 1596 2913 6000
1824 1824 2352 6000
1308 1408 3284 6000
2000 2000 2000 6000
1489 1020 3491 6000
2000 2000 2000 6000
1055 1864 3081 6000
2000 2000 2000 6000
1060 1832 3108 6000
2000 2000 2000 6000
1100 1824 3076 6000
total time = 84.4841
app 0 total events number 103664, throughput inf
app 1 total events number 117264, throughput inf
app 2 total events number 161441, throughput inf
process time = 9255 -- avg = 109.547
total network usage = 47606.7
0.234167
97.1298
115.428
134.448
153.398
173.221
191.736
210.562
229.706
248.85
231.7
269.268
321.309
364.95
373.047
374.528
445.296
389.22
433.285
472.664
464.552
539.889
475.483
527.879
629.488
983.63
611.646
696.497
735.259
851.454
866.653
827.687
915.342
912.419
898.465
729.471
749.676
760.914
752.35
756.161
1208.51
623.926
731.316
1004.55
972.914
1045.53
660.079
705.099
760.914
778.8
760.914
780.979
729.498
760.914
696.305
1540.98
609.484
736.485
1038.76
915.588
953.245
999.453
913.052
1038.76
912.197
966.386
651.783
375.392
420.773
436.355
376.351
282.428
384.425
207.454
330.213
241.069
330.213
238.927
330.213
241.563
network usage average = 595.084
manager usage = 0.830877
------------event number record---------------
0	0	0	
248	252	251	
300	300	301	
352	351	348	
400	401	400	
450	448	452	
500	500	500	
550	552	549	
600	600	600	
651	648	651	
325	1348	428	
243	932	1076	
800	800	800	
745	1061	744	
118	807	1776	
950	952	948	
780	1441	780	
388	703	2060	
1100	1101	1100	
412	1203	1836	
1116	1112	1372	
816	1620	1314	
891	888	2122	
1017	1876	1158	
984	983	2234	
956	1357	2038	
1388	1387	1726	
926	1333	2392	
1601	1600	1600	
1011	1436	2504	
1138	1596	2367	
1752	1750	1749	
1224	1697	2480	
1510	1629	2412	
1901	1900	1900	
1585	1745	2520	
1620	1803	2577	
2000	2000	2000	
1600	1828	2572	
1561	1860	2579	
2000	2000	2000	
1515	1893	2592	
1640	2079	2281	
1840	1840	2320	
1444	1940	2616	
2000	2000	2000	
1401	1960	2639	
1352	2000	2648	
2000	2000	2000	
1299	2048	2653	
2000	2000	2000	
1268	2065	2667	
1492	1563	2945	
2000	2000	2000	
1632	1240	3128	
1576	1576	2848	
2028	1681	2291	
1585	1271	3144	
2000	2000	2000	
1563	1284	3153	
1600	1600	2800	
1928	1705	2367	
1501	1323	3176	
2000	2000	2000	
1479	1337	3184	
2000	2000	2000	
1440	1359	3201	
1820	1908	2272	
1509	1508	2983	
1491	1596	2913	
1824	1824	2352	
1308	1408	3284	
2000	2000	2000	
1489	1020	3491	
2000	2000	2000	
1055	1864	3081	
2000	2000	2000	
1060	1832	3108	
2000	2000	2000	
1100	1824	3076	
app 0 avg time = 1284.35
app 1 avg time = 1454.35
app 2 avg time = 2005.36
avg = 1581.35
---------response time---------------
0	0	0	
0.0109954	0.0119909	0.0230585	
0.0109954	0.0119909	0.0230585	
0.0109954	0.0119909	0.0230585	
0.0109954	0.0119909	0.0230585	
0.0109954	0.0210587	0.0230585	
0.0109954	0.0210587	0.0230585	
0.0109954	0.0210652	0.0230585	
0.0109954	0.0211157	0.0230585	
0.0109954	0.0210587	0.0230585	
0.0109954	0.0210587	0.0124501	
0.0109954	0.0210587	0.0124501	
0.0109954	0.0210587	0.0124501	
0.011101	0.0210587	0.0124501	
0.0112502	0.0210587	0.0124501	
0.0109954	0.0210587	0.0124501	
0.0111598	0.0210587	0.0124501	
0.0109954	0.127179	0.11857	
0.0111901	0.0210587	0.0124501	
0.0109954	0.262491	0.253882	
0.0109954	0.0550762	0.0667474	
0.0109954	0.1069	0.118571	
0.0112217	0.219617	0.231288	
0.0109954	0.0413902	0.0530614	
0.0113197	0.220279	0.23195	
0.0109954	0.0225607	0.377771	
0.0114308	0.0229961	0.384554	
0.0115608	0.0231261	0.689035	
0.0113659	0.0229312	0.467357	
0.0268436	0.0384089	0.61933	
0.0136337	0.025199	0.708831	
0.105448	0.117014	0.51351	
0.0785201	0.0900853	0.654475	
0.0648276	0.0763929	0.764205	
0.249234	0.260799	0.638728	
0.297439	0.309005	0.78842	
0.376006	0.387571	0.974285	
0.622803	0.634368	0.894923	
0.705849	0.717414	1.07834	
0.791384	0.802949	1.26482	
1.19467	1.19529	1.18668	
1.3885	1.38911	1.38051	
1.60622	1.60683	1.59822	
2.23862	2.23923	2.23062	
2.96168	2.96229	2.95368	
0.974104	0.985669	3.48685	
0.813265	0.824831	4.21542	
0.724597	0.736162	4.84354	
0.971394	0.982959	4.76417	
1.06141	1.07297	4.98495	
1.30821	1.31977	4.90559	
1.39722	1.40879	5.1325	
1.35435	1.36591	5.48742	
1.60114	1.61271	5.40806	
1.47266	1.48422	5.8469	
6.16633	6.16694	6.15833	
6.22173	6.22234	6.21373	
6.84494	6.84555	6.83694	
7.37934	7.37995	7.37134	
8.26716	8.26778	8.25917	
9.04657	9.04719	9.03858	
9.69306	9.69368	9.68507	
10.5876	10.5882	10.5796	
11.122	11.1226	11.114	
12.019	12.0197	12.011	
0.224054	0.235619	12.5442	
0.0158227	0.027388	13.4455	
0.0197308	0.0312961	0	
0.195535	0.2071	0	
0.164603	0.176168	0	
0.3019	0.302896	0	
0.154998	0.155994	0	
0.316187	0.317182	0	
0.0487556	0.0497511	0	
0.0461933	0.0471888	0	
0.0114863	0.0124818	0	
0.0114863	0.0124818	0	
0.0114863	0.0124818	0	
0.0114863	0.0124818	0	
0.0109954	0.0119909	0	
app 0 avg time = 1.42004
app 1 avg time = 1.43823
app 2 avg time = 2.29853
avg = 1.71893
---------process_time_record---------------
0	0	0	
0	0	0	
0	0	0	
0	0	0	
0	0	0	
0	0	0	
1	1	0	
0	0	0	
0	0	0	
0	0	0	
0	0	1	
0	0	0	
0	0	0	
0	0	0	
0	0	0	
0	0	0	
0	0	0	
0	0	0	
0	0	0	
0	0	0	
0	0	0	
0	0	0	
0	0	0	
0	0	0	
0	0	0	
0	0	0	
0	0	0	
0	0	0	
0	0	1	
1	0	0	
0	0	0	
0	0	0	
0	0	0	
0	0	0	
1	0	0	
0	0	0	
0	1	0	
0	0	0	
0	0	0	
0	0	0	
0	0	0	
0	1	0	
0	0	0	
0	0	0	
0	1	0	
0	0	0	
0	0	0	
0	0	0	
0	0	0	
0	0	0	
0	0	0	
0	0	0	
0	0	0	
0	0	0	
0	0	0	
0	0	0	
0	0	0	
0	0	0	
0	0	0	
0	0	1	
0	0	0	
0	0	0	
0	0	0	
0	0	0	
0	0	0	
0	0	0	
0	0	0	
0	0	0	
0	0	0	
0	0	0	
0	0	0	
0	0	0	
0	0	0	
0	0	0	
1	0	0	
0	0	0	
0	0	0	
0	0	0	
0	0	0	
0	0	0	
app 0 avg time = 0.05
app 1 avg time = 0.05
app 2 avg time = 0.0375
avg = 0.0458333
---------transmission_time_record---------------
0	0	0	
0.0209954	0.0212251	0.0316374	
0.0209954	0.0212251	0.0316374	
0.0209954	0.0212251	0.0316374	
0.0209954	0.0212251	0.0316374	
0.0209954	0.0315049	0.0316374	
0.0209954	0.0315049	0.0316374	
0.0209954	0.0315049	0.0316374	
0.0209954	0.0315049	0.0316374	
0.0209954	0.0315049	0.0316374	
0.0209954	0.0315049	0.0212251	
0.0209954	0.0315049	0.0212251	
0.0209954	0.0315049	0.0212251	
0.0209954	0.0315049	0.0212251	
0.0209954	0.0315049	0.0212251	
0.0209954	0.0315049	0.0212251	
0.0209954	0.0315049	0.0212251	
0.0209954	0.0315049	0.0212251	
0.0209954	0.0315049	0.0212251	
0.0209954	0.0315049	0.0212251	
0.0209954	0.0212251	0.0315049	
0.0209954	0.0212251	0.0315049	
0.0209954	0.0212251	0.0315049	
0.0209954	0.0212251	0.0315049	
0.0209954	0.0212251	0.0315049	
0.0209954	0.0316374	0.0315049	
0.0209954	0.0316374	0.0315049	
0.0209954	0.0316374	0.0315049	
0.0209954	0.0316374	0.0315049	
0.0209954	0.0316374	0.0315049	
0.0209954	0.0316374	0.0315049	
0.0209954	0.0316374	0.0315049	
0.0209954	0.0316374	0.0315049	
0.0209954	0.0316374	0.0315049	
0.0209954	0.0316374	0.0315049	
0.0209954	0.0316374	0.0212251	
0.0209954	0.0316374	0.0212251	
0.0209954	0.0316374	0.0212251	
0.0209954	0.0316374	0.0212251	
0.0209954	0.0316374	0.0212251	
0.0315049	0.0315049	0.0212251	
0.0315049	0.0315049	0.0212251	
0.0315049	0.0315049	0.0212251	
0.0315049	0.0315049	0.0212251	
0.0315049	0.0315049	0.0212251	
0.0209954	0.0316374	0.0212251	
0.0209954	0.0316374	0.0212251	
0.0209954	0.0316374	0.0212251	
0.0209954	0.0316374	0.0212251	
0.0209954	0.0316374	0.0212251	
0.0209954	0.0316374	0.0212251	
0.0209954	0.0316374	0.0212251	
0.0209954	0.0316374	0.0212251	
0.0209954	0.0316374	0.0212251	
0.0209954	0.0316374	0.0212251	
0.0315049	0.0315049	0.0212251	
0.0315049	0.0315049	0.0212251	
0.0315049	0.0315049	0.0212251	
0.0315049	0.0315049	0.0212251	
0.0315049	0.0315049	0.0212251	
0.0315049	0.0315049	0.0212251	
0.0315049	0.0315049	0.0212251	
0.0315049	0.0315049	0.0212251	
0.0315049	0.0315049	0.0212251	
0.0315049	0.0315049	0.0212251	
0.0209954	0.0316374	0.0212251	
0.0209954	0.0316374	0.0212251	
0.0209954	0.0316374	0	
0.0209954	0.0316374	0	
0.0209954	0.0316374	0	
0.0209954	0.0209954	0	
0.0209954	0.0209954	0	
0.0209954	0.0209954	0	
0.0209954	0.0209954	0	
0.0209954	0.0209954	0	
0.0209954	0.0209954	0	
0.0209954	0.0209954	0	
0.0209954	0.0209954	0	
0.0209954	0.0209954	0	
0.0209954	0.0209954	0	
app 0 avg time = 0.0227035
app 1 avg time = 0.0286906
app 2 avg time = 0.0206095
avg = 0.0240012
---------queue_time_record---------------
0	0	0	
0.000497723	0.00149317	0.00199089	
0.000497723	0.00149317	0.00199089	
0.000497723	0.00149317	0.00199089	
0.000497723	0.00149317	0.00199089	
0.000497723	0.00149317	0.00199089	
0.000497723	0.00149317	0.00199089	
0.000497723	0.00149317	0.00199089	
0.000497723	0.00149317	0.00199089	
0.000497723	0.00149317	0.00199089	
0.000497723	0.00149317	0.0018376	
0.000497723	0.00149317	0.0018376	
0.000497723	0.00149317	0.0018376	
0.00060329	0.00159874	0.0018376	
0.000752429	0.00174788	0.0018376	
0.000497723	0.00149317	0.0018376	
0.000662113	0.00165756	0.0018376	
0.000497723	0.10612	0.107958	
0.000692416	0.00168786	0.0018376	
0.000497723	0.241432	0.24327	
0.000497723	0.0444637	0.0463013	
0.000497723	0.0962875	0.0981251	
0.000723939	0.209005	0.210842	
0.000497723	0.0307777	0.0326153	
0.00082195	0.209667	0.211504	
0.000497723	0.00199089	0.357325	
0.000933061	0.00242623	0.364107	
0.00106306	0.00255623	0.668589	
0.00086817	0.00236134	0.446911	
0.0163459	0.0178391	0.598884	
0.00313597	0.00462914	0.688385	
0.0949506	0.0964438	0.493064	
0.0680223	0.0695155	0.634029	
0.0543299	0.0558231	0.743759	
0.238736	0.240229	0.618282	
0.286942	0.288435	0.777808	
0.365508	0.367001	0.963673	
0.612305	0.613798	0.884311	
0.695351	0.696845	1.06773	
0.780886	0.782379	1.2542	
1.17362	1.17423	1.17607	
1.36744	1.36806	1.36989	
1.58516	1.58577	1.58761	
2.21756	2.21817	2.22001	
2.94062	2.94123	2.94307	
0.963606	0.965099	3.47624	
0.802768	0.804261	4.20481	
0.714099	0.715592	4.83292	
0.960896	0.962389	4.75356	
1.05091	1.0524	4.97434	
1.29771	1.2992	4.89498	
1.38673	1.38822	5.12188	
1.34385	1.34534	5.47681	
1.59065	1.59214	5.39745	
1.46216	1.46365	5.83629	
6.14527	6.14588	6.14772	
6.20067	6.20128	6.20312	
6.82388	6.82449	6.82633	
7.35828	7.35889	7.36073	
8.24611	8.24672	8.24856	
9.02552	9.02613	9.02797	
9.67201	9.67262	9.67446	
10.5666	10.5672	10.569	
11.101	11.1016	11.1034	
11.998	11.9986	12.0004	
0.213556	0.215049	12.5336	
0.00532498	0.00681815	13.4349	
0.00923306	0.0107262	0	
0.185037	0.186531	0	
0.154105	0.155598	0	
0.291403	0.292398	0	
0.144501	0.145496	0	
0.305689	0.306685	0	
0.0382579	0.0392534	0	
0.0356956	0.036691	0	
0.000988617	0.00198406	0	
0.000988617	0.00198406	0	
0.000988617	0.00198406	0	
0.000988617	0.00198406	0	
0.000497723	0.00149317	0	
app 0 avg time = 1.40769
app 1 avg time = 1.42037
app 2 avg time = 2.28676
avg = 1.70494
------------------END-----------------------
H = 2
sim_time = 80
